100
5
5
7
74.71439446521016 68.37336476158671 0 0 0
40.31218599425481 5.1893605422745015 0 0 0
92.4005539159785 18.40554222988966 0 0 0
50.25572335369076 35.77421998637978 0 0 0
13.548238898331032 54.878933909335146 0 0 0
70.28670037194642 17.577408057769915 0.006231201587448851 687 10
8.496661964552999 77.2576151809141 0.004195124076695851 552 1
94.38337722969061 8.319112738515155 0.006345006337636048 605 3
22.38665138157976 34.278272397207566 0.007503632190101092 109 8
3.9039686228797166 10.050236255672207 0.008467447889896756 736 11
8.966007986976777 44.9446078492348 0.0066742951516958575 65 1
40.230573900409915 21.42429258619535 0.0025034933794928676 264 7
18.068278723778686 10.159094593537066 0.004500594156230166 109 6
40.987505752322775 18.535923225086005 0.0015682888468664183 690 3
64.60041835637256 63.97022220323628 0.007944209312914306 516 9
17.530152685959333 6.18273017513321 0.003518377767389935 273 5
67.45159932909588 36.99555829977723 0.0015004710714624102 989 2
46.93085208946345 37.32305497161854 0.001651307867175865 72 4
74.68069248398862 96.29916773602886 0.008164527003619398 724 4
32.90445481046419 64.34434386052885 0.007658705621595747 410 1
13.902549425190214 66.32521882923493 0.008386695106605436 694 2
48.339203197591566 36.51234943326096 0.009008524925629213 395 3
8.526847822963624 87.84438996974922 0.009699650018581685 767 1
10.69638297957235 42.67896562396167 0.008433098252776664 893 7
89.34850789653954 41.60103830403563 0.00791048688163061 680 11
78.73749659951022 2.573618198509642 0.0067229793355283885 921 1
35.19491558817999 26.247493419142742 0.009179177477488566 88 4
54.26277195310043 59.852295834841975 0.005702859476098618 427 6
74.10314953218008 52.100941601784015 0.0024738123741788517 206 10
71.99927693492747 68.42211876107747 0.0023084983086933335 481 11
61.16183293097489 82.53078580033765 0.007300045200812554 377 8
82.70139193800394 49.02939126456904 0.0029422452018804807 156 5
52.52026450977857 82.56301221293586 0.0012622692869259438 821 7
71.78137431983875 27.217984595584955 0.0020338516172129853 41 3
76.23954055939517 25.224016163242304 0.00860403768145759 761 3
70.75961525660756 41.28518003180979 0.005561767526457118 819 3
2.225677683215066 41.516172006090656 0.005445018817071351 747 10
81.06725137123932 83.79624589852735 0.004245168489743404 671 2
37.42574465157967 15.56855460836294 0.0035600808534907826 227 6
28.59267236441222 68.83427929097398 0.003973707370967987 776 4
6.571594828883709 90.40964452924635 0.003975153839828873 413 6
38.01141344402371 9.284826258476054 0.006543302876923969 566 4
39.453310173217496 44.25626997144489 0.004693304880418109 466 7
93.49284261994785 12.6309697315799 0.003397339602889091 715 7
58.93079122028383 79.66105261855753 0.009989031748080333 568 6
41.82296324561414 83.10040160184255 0.007903884668015558 924 6
22.125700332245167 44.71641774488728 0.003497419726171154 242 2
60.896523163457026 10.24122092853389 0.009433695477136066 76 3
88.21414467050886 49.25262053400205 0.00670059849977993 60 11
47.14862098907917 27.485680773041643 0.006873700119666575 98 4
90.31053241069884 1.9984664281010533 0.004929362444174464 708 2
50.32213934876858 37.8032179069957 0.0021790558802911543 730 2
64.18654165149856 81.70261942162549 0.004422605338340865 127 8
26.51022017873885 17.985068731114584 0.007170229034784039 312 10
42.705804116002476 33.7928024884785 0.0057939193025468945 592 9
17.680132218594103 0.06930508041111949 0.005082091181616908 255 4
1.738601736401213 33.30252538296686 0.0030927689066854503 123 11
27.297440414851394 51.59762464618907 0.0069251264643543625 203 6
3.8974743899557684 57.079701574101605 0.007222793355150229 287 1
17.702076302572365 98.85379736679177 0.00512475890178758 358 11
25.170392053394764 15.276966580838868 0.004885027458351605 56 5
8.20944007614891 73.55095986354574 0.009827520262303237 210 8
95.21887821079488 78.4288320781564 0.0014531632668997499 696 4
69.44946739681835 96.9204350155665 0.006582026582850141 99 9
53.394630843817815 75.6339238899961 0.007059642096195268 393 9
94.91533787012848 9.506532756353781 0.0015288022375127093 144 3
81.30284461019687 36.96357671722097 0.009412229514323057 789 9
30.048407687955503 59.00175435207476 0.009606997209903826 559 5
23.1366530233861 73.10781139556272 0.0075764276930106985 691 10
25.61141406279851 54.23550157893351 0.008688543350451501 802 7
25.877117557161043 24.742114875267763 0.006158229155713646 686 6
16.212653096522967 30.21149792733483 0.009231037830115179 666 7
45.26086903255493 88.81134684572856 0.005432524305231223 599 10
42.567937920980334 44.29599227017744 0.00943999307760958 853 7
22.345439226107132 52.76045377826678 0.004399977317153823 720 5
90.50082005270971 24.308461707227913 0.007229107525429313 680 2
45.29692139788466 97.61811641937584 0.009419851395432239 90 3
7.541963071552205 50.62804966140833 0.009007851417691611 106 6
43.19709109813239 63.364726072991516 0.005688783090220294 252 1
26.043293479854114 82.55074323270762 0.004237427560841906 179 10
58.262940530895236 53.88151510458603 0.003032492348064359 654 10
9.129986014652925 52.28483508444497 0.009307842441901675 152 8
64.12765637687524 85.7205370604845 0.0033987562067558747 254 2
69.08762612211096 77.55510909719504 0.004161883685125238 621 8
43.1523915940324 26.23806386788755 0.0065597768888199254 757 8
45.61246788415251 73.84921044607563 0.004716456304378676 719 7
0.3313759578135955 52.60304767536369 0.008233996147726479 373 5
93.31551612155003 57.28093160260555 0.0033354072095734153 581 10
97.58675366513492 14.199627317808773 0.008311694736433742 754 1
27.38543171570712 48.17762492628103 0.0017446806718097283 61 4
84.66918702943414 68.38599147457491 0.009083444601783671 474 11
92.38431395289754 58.19004948704 0.0033217232926137062 889 4
36.92132321986092 95.86871744911313 0.006610291513633588 218 8
13.522989649664419 34.17064748446044 0.00843730063116686 781 6
94.02097364337982 13.28149050036872 0.005341668698635919 726 1
92.58472225887125 99.14107126837456 0.0036605710905339623 819 11
88.94213183932611 78.5060394675799 0.002116012407753164 47 9
2.7386059492911174 83.40361245618632 0.007720191816316173 119 6
76.87089493708687 66.68469170597601 0.005913242743547612 238 3
37.362299207997374 83.74169460861096 0.00467776348638245 473 3
15 74907 14 28 29 0.016562410419951632 0.057564670772673084 44 3 125
3 71553 15 30 27 0.014189320241761373 0.02261538886222142 30 2 145
1.3374859817069569 34368 24 25 32 0.027365164510221543 0.022081634454000087 35 2 119
0.036128857333328046 1353 20 28 25 0.02823491702652233 0.035665636639539824 51 1 68
0.084257847575466 78341 100 26 30 0.014967057767813517 0.0512382502894146 0 2 0
