100
5
5
7
26.371793381764675 38.258696794925704 0 0 0
70.31455655783962 99.07519131600034 0 0 0
70.25142695406963 2.498999431514426 0 0 0
80.78794309050225 0.6462425145974615 0 0 0
48.29144159458103 18.618037946322332 0 0 0
84.42485980186999 63.97710553227435 0.16165035984479095 172 4
57.1108712535477 60.6844035543722 0.07668498568718304 581 2
76.96604515782388 46.44757774078353 0.10852159905266964 712 1
29.50503468208212 45.052781220578865 0.021496529958719895 969 10
42.474106604738424 87.92034076440702 0.14825807887605816 18 11
76.1284306634739 15.33475537996961 0.03653110680373969 285 7
6.530734225273949 25.727786235364736 0.17328984284320975 496 3
50.563550221687926 2.473250109903957 0.16760391855674447 24 3
9.579148917372304 33.200868943162654 0.12468580636948962 942 7
66.82208433189065 82.52704903433947 0.19303034534975932 387 11
95.87975374680443 53.71962917743072 0.15996034746514798 494 3
34.07613234436923 71.62301986853605 0.16973559907266156 68 4
24.15372086189409 13.062647187725096 0.1479745838932307 949 6
82.6074867072789 27.144912944763465 0.11656838031608079 508 1
68.38430781964861 45.52176096650287 0.1933330215331558 474 6
31.552923613589424 22.476799560760885 0.18155277408384887 348 6
35.01456319559495 13.973377471351478 0.18051911063944429 453 10
89.90110725864722 53.547722360055026 0.025363109608922876 860 11
56.11290679139466 48.213755589604276 0.02184725139816255 228 1
38.91969891544468 76.22538797684898 0.08661512282501747 138 2
55.317310900210344 36.36197040966849 0.14686893888529556 611 1
38.104744852356355 85.3188341962063 0.044997976186416974 361 5
80.61026055474423 8.559457762826083 0.13097404097065035 612 11
64.60291187168855 50.64055038366326 0.04131026114312903 334 10
70.35629633281782 15.36135513310538 0.043054786886068286 222 1
32.646656752814415 39.83218877156656 0.12289556309957769 659 6
46.18558311773964 19.09568920085688 0.17813725992935117 172 7
2.727472745964754 36.280500861889564 0.15417343299232622 204 9
74.30782538226669 43.98327194312985 0.032112000843274605 639 6
29.244421224654047 9.416695243692974 0.11196855333247073 128 5
40.88153604051947 41.30349479314403 0.19241831795038153 889 4
12.818296083082448 90.33865606550079 0.1867049838203313 777 1
7.221174763609628 64.59813007688389 0.1846267146106646 500 7
18.925745807935957 42.23578041271846 0.08478060227899044 415 1
13.305100538348846 17.26496710819455 0.08729397387749153 162 9
90.92242150665717 97.59760633128431 0.0727076598487197 108 11
94.64812307630197 96.78574618004158 0.0842783536957278 92 9
17.717882776463377 75.5442820135099 0.02999380966620789 371 2
91.07264767364366 20.38305894720649 0.18848393096854404 587 7
7.012043079739872 42.031965128154084 0.11587716051141099 170 9
7.391307749335285 80.31036477452295 0.16507436769570635 588 3
3.7903777657241178 56.64159527260464 0.18090829984888288 704 4
29.162596437529043 41.280913917595605 0.1028367078715921 465 9
63.90242086920706 38.96472188900927 0.16527327899708927 967 1
8.856527121887336 71.32375290940132 0.14729348959002342 370 3
13.284443102722076 31.65906489403969 0.12814615866751047 549 4
67.08409729795599 85.68253939729213 0.06663933260003042 466 10
55.648508147129114 28.483767154465212 0.12285926733716143 487 11
50.47115866101034 71.80153672924693 0.11591504504058091 899 8
6.1100769304853975 44.92245598082339 0.05300377662118792 832 11
1.0221994923737876 57.3691100272021 0.0832594386756536 155 9
92.03368667482377 23.110760033344214 0.12100143749450139 698 9
79.66055387175555 29.516338545827526 0.07617835410017652 271 11
46.78920412941389 49.42271653690564 0.060495831530718344 574 8
48.52704698588859 96.91977306607102 0.15567444329691885 654 11
45.61992952897745 97.04796449335342 0.12691973735177806 189 2
65.75805948617109 64.85998489897054 0.18685493700209263 557 10
36.96591527072246 75.79133044558142 0.13850470031284864 180 11
17.48178888112054 98.14539384243727 0.0573301924293664 869 5
81.0376968503683 22.007363797260936 0.08484778844615322 716 2
82.74897005254952 52.06401019967918 0.139875515721757 919 4
0.34348771816720136 22.839413453325896 0.08267937326897565 107 1
96.07116103066588 6.061683514333282 0.17171859845597248 88 4
12.258112632546847 72.78766982064859 0.1243779720126937 302 9
46.46078089100588 49.42504235441384 0.19356997609799237 748 10
47.19970873962814 31.45805162009371 0.16232745084672828 843 10
79.34805331162131 97.6387496794626 0.12251482591278369 535 10
64.3359592249648 40.67184778508728 0.1562427679300317 796 4
8.29262323425084 4.8909590149047055 0.17332379477570056 536 2
66.82977581043048 85.33522602328462 0.15942566837463773 853 9
61.54227114867273 4.980728127618905 0.1191036324067478 267 10
79.45976602931246 7.610259191097402 0.08763146494068101 826 4
8.0318722496024 58.89907362177348 0.050574821455624495 680 7
64.3695307326786 8.2344979063258 0.16856919199299894 789 4
42.90561822186791 36.18530308812659 0.10726777562986638 41 10
19.859005581502633 93.5770121652602 0.035296299916395595 634 8
95.06474853063173 61.093933015959834 0.05158502130187864 91 11
54.920691224526195 63.5490862115104 0.0818455758763389 495 6
86.70329113197303 37.92440591760952 0.10028652139302444 60 2
61.14065856667581 91.31459009086795 0.14462775393514093 982 1
42.206702369844194 22.975486693960402 0.11038713504404864 974 10
87.14850097363312 94.40540583483433 0.011783214369953316 596 4
27.258772313904856 47.54678507706534 0.1346703468069496 875 5
83.74916784555992 19.976108167881378 0.16163229381881997 622 7
47.06206225742535 48.25173598882861 0.1490227909854151 880 3
18.91363134693972 97.57033683382367 0.15158473292157712 840 2
27.29982533116495 4.1255652753587775 0.0844020648844989 517 5
4.531803259997524 26.45931079500815 0.17661648993303294 863 4
55.85302688995875 34.787114260857756 0.09448156454548305 975 11
22.57551158605847 8.265168462065764 0.01216825514606805 724 10
98.7483655012596 16.573670619780334 0.18491926717255025 889 4
14.463381245289032 68.94369104108532 0.13294277177884004 145 7
78.73318650784199 40.98040066102778 0.021112448407268482 841 8
66.1320400562534 84.62465721752629 0.18015951618114592 902 11
46.22278716310299 12.545838231537354 0.011057714234560258 442 6
14 70096 13 20 25 0.024382931982724478 0.057985550376603634 37 3 152
3 71789 14 27 35 0.012032193902453716 0.0344142988563054 31 2 96
0.858368396068502 33494 25 20 31 0.029439172678281805 0.02942014870997378 39 2 97
0.038036716889758376 4309 25 26 35 0.01598568498884524 0.024089231203567832 37 1 53
0.11889210261069669 77903 100 22 29 0.010372447981377072 0.06007676048718774 0 1 185
