100
5
5
7
65.1177581527758 89.17827514720484 0 0 0
86.60287502905119 95.23216082969894 0 0 0
77.00659214195818 63.21290917216983 0 0 0
83.62800729972246 82.9476520815009 0 0 0
26.804286114743224 61.08401868683939 0 0 0
50.66478249096369 11.466434137886939 0.14300261017552043 694 2
74.09357793404709 15.669532273319486 0.19492492719876778 963 1
64.0649808068443 47.71447719417422 0.06912476606050427 469 7
2.601209634862567 57.25328262736691 0.015253260313704633 821 8
16.08463323783449 45.11491892465761 0.05319410273484102 684 11
55.176813573765635 70.05073858516009 0.08492685997761618 394 1
54.18248246032763 44.72345911417088 0.17713412363796496 449 11
10.324523604567926 56.10441503659287 0.011126037631840942 32 2
73.65806463576173 32.30674069584505 0.076164750145971 49 5
95.45785511540309 92.7058818027751 0.19308360134124644 520 6
31.82102702484334 69.45915367221211 0.11564536761547906 230 3
16.672596481843804 48.5443552047131 0.10089686209954463 255 3
33.03829855175601 79.09788062494042 0.15157607064216977 912 11
42.63666194009633 56.664134841605765 0.08802716648344736 662 10
86.21644961360137 59.83521053017925 0.16110201111261174 756 6
72.60789845936839 42.29243891831116 0.18020042009365034 269 7
24.290143235329243 14.441407675893704 0.016063188520567668 645 5
64.0780076373923 36.52643578352286 0.1794129003706331 434 3
51.885029402653004 19.778567747186273 0.1901690455957171 59 1
78.79903968654652 95.44645025753627 0.11012290013880315 860 2
70.41346747198612 96.55506954236972 0.13368202631322595 943 10
78.06104069454759 13.933488898055934 0.01711821541091222 521 3
33.340939768382505 90.57453420615327 0.17388717164387082 152 3
42.08388843782388 90.2323793608083 0.10080034324231386 197 5
53.17728154873207 97.19260837521412 0.12233955782704893 173 6
85.77688463033427 0.08724053535159593 0.11229523296965525 832 9
42.759739297164465 9.676620578251605 0.02441199787408624 328 6
53.37813737609165 40.35740087245365 0.17872788461367725 275 11
45.96735765494021 78.82976219804905 0.17047555980723111 121 2
86.62652312361942 58.271877129086214 0.01864570422783254 650 11
7.832857499649326 27.710286373204084 0.18730301959495813 345 5
40.16760111914307 5.35444158645233 0.16061756966170046 437 5
41.687158478704674 45.27210774505323 0.19608426239962243 550 7
7.325786218537433 98.8219651338711 0.1682711268900023 604 5
74.68034968502234 53.99865192858482 0.023973374486220136 311 6
32.822561830323075 15.525638593793234 0.0640000120174063 740 11
29.24768475294034 75.53794617526327 0.03230699493505548 212 6
80.17686283140411 5.700748994339455 0.14550982617190084 175 2
91.64978241053477 38.783819857578386 0.10786987475230976 238 4
21.930783747392045 52.08336387779313 0.13207683264535863 810 1
69.41903271221447 24.28723862840506 0.06105834964761224 713 9
67.12517100292887 59.753177896521926 0.16625984340811184 518 8
57.89170328527222 83.08540270657136 0.11842153345265047 816 6
33.17229433543692 51.050374361122394 0.09407907038379623 312 10
3.73496448523436 76.12987834446105 0.019078830946352782 810 6
26.41011181135935 74.25948280079625 0.03353405959090628 764 11
71.57470403509872 92.23720348105711 0.12558597272434313 813 8
11.71717793645638 2.3330218417614956 0.0821251873862991 757 7
21.93013490702047 36.09222321695379 0.08797903500020329 270 8
64.75826571137837 10.73234610348358 0.1079314457121498 10 11
17.583048207215167 95.38255940413958 0.10819360035501233 318 4
77.83202582915219 9.186125992788597 0.10956326272218256 584 1
76.43595075776231 47.87365166705491 0.11983819820757077 305 5
86.9981991650834 45.00434123403254 0.057755513210208435 456 2
84.12897422144276 96.12507991678139 0.09776546917211383 811 7
56.391154025577464 27.559753228142338 0.07149963568549425 204 5
47.90287216989619 79.10962029658346 0.14953482213193686 610 6
45.6496724378364 63.77698861902192 0.05396227729405459 314 8
76.24425079118285 87.36445279105584 0.05670448283875424 635 10
85.9738934506154 8.846839356387592 0.057848858721647425 20 1
8.524782038746359 5.956921017436423 0.028265276602137644 376 10
31.768358971293654 43.20965418004691 0.13557641447944027 968 5
7.007810375668811 57.82804944782467 0.018034046670000095 641 6
96.05873990781572 96.7972782726014 0.17134813054664297 133 10
37.53398928005433 61.76853019925517 0.16010167505867337 817 5
6.962125206062241 67.16639050685335 0.050929847518190026 383 2
36.81708824526548 52.64400037578667 0.10984540016944984 920 4
25.977281031610943 35.605310313292534 0.1115313317445334 168 11
17.787071535805143 49.11673130049577 0.1421397036630659 796 8
74.06999277005738 11.516169947893696 0.12463657958151036 673 8
7.894003945975281 27.96356785463412 0.1339664968898384 943 4
17.221752186694005 39.48153107006631 0.1562450857722969 26 11
7.017765603327408 56.47103749375869 0.12839137608176018 281 4
11.222406057783708 81.75364593268411 0.14296440661335355 31 5
54.1324688316005 51.85338366147254 0.09370587626261871 841 5
6.489523335001602 73.21519824101713 0.19932910268253437 795 7
19.092074831465723 55.481663110720746 0.09013001879608301 301 1
93.93650617916924 57.75607794112534 0.09696861105374284 926 6
39.62934105141244 37.5859640602494 0.12217069039437688 606 6
30.140881176070145 14.95054423353791 0.18109722971916922 844 10
62.42275081739351 80.71826768557605 0.1089974716403909 645 4
56.33159769086602 50.812238526724705 0.09111303459303303 478 1
41.86002884184327 56.46830505323245 0.04813163373324511 886 4
54.967874077203405 8.941053712129799 0.1730527030353062 219 1
83.9419094761996 96.31397406407362 0.07932412615494784 885 10
31.684778264013435 20.414793042599577 0.1543054700789267 362 10
43.61108505331251 29.089847018195147 0.05712190776513273 594 7
14.800538769059312 96.47731926124618 0.1988310165857727 727 5
18.962590433452988 63.9334829050188 0.01530694422207755 180 4
66.17239211701632 33.89974017978054 0.1543220248207714 843 11
44.98938191721273 20.623529122005134 0.10072635613930955 489 9
25.028592614475155 82.33226895317999 0.11238794839905396 406 6
86.23782258635265 4.143417541777161 0.15552960845565164 463 8
9.586156794493473 68.15866349927599 0.0244196666659496 527 2
30.74117535931694 84.01135289775517 0.048178241395153594 348 6
16 71549 17 28 27 0.018643947254074665 0.05329511845350828 30 3 142
4 73371 20 25 25 0.020888478749576965 0.02013419058304611 54 4 152
0.8331206887360398 30201 30 22 30 0.027340726651160267 0.033270550363772404 48 2 79
0.02691317678535116 3531 26 20 30 0.02837850264129884 0.030237266790945308 31 2 69
0.08969604893109911 78315 100 22 33 0.021317399168493754 0.07191554510104309 0 2 120
