200
5
5
7
53.60121258437136 99.08105046957031 0 0 0
72.23130553326139 72.91938546466628 0 0 0
77.2503854023651 62.31275276528683 0 0 0
27.186272010996415 11.56530977243081 0 0 0
16.16557098693091 23.10640159918622 0 0 0
8.868512307966292 92.6824546041139 0.020367202500759376 865 1
39.088930441624434 8.65141576541233 0.05707488676241005 791 7
78.62356677093891 4.322677935948271 0.1840426451503159 416 1
7.243980395692306 10.403427531590282 0.12028337077959728 97 2
90.94749542472381 41.729969677109835 0.11462268596167319 802 11
74.75687343638488 7.948408645587756 0.1285252225061988 650 4
15.967221439036805 79.45290530261191 0.192021839056078 360 6
46.64688534117254 38.274577252157414 0.0833773980080712 250 3
31.34791894805502 29.478394806405504 0.1929847071069037 498 3
31.853688799634895 70.13447551884005 0.07325595243301812 496 7
46.22871448750334 20.882449779704448 0.12696801278212325 670 11
54.60840317890556 9.93270464758812 0.01690865840997205 566 1
99.99571556173281 75.36172895391968 0.14757456714582798 11 8
4.843718241540895 76.77852685898274 0.07625674582773462 223 6
0.5353046135542328 16.631047470672446 0.05152867466046786 65 3
68.10078404843162 74.81316572599985 0.14558069652664624 523 8
50.31462823147127 6.026315498748369 0.09231689947533663 858 11
2.468824900890809 1.7979586635745615 0.06434399928332704 463 1
58.15088290775231 17.678688304532674 0.010915979764139643 436 5
93.37722069864029 15.279073022276856 0.16292627198895498 96 9
4.610962960705367 16.193824686313018 0.11739497759568343 261 1
52.78307059342002 8.118782951610315 0.03343789712777955 222 10
87.14312010785383 43.36015776161882 0.12958974394253203 701 8
86.67565998243354 41.672240072758726 0.12242542132899072 445 6
57.46715667631961 95.8822071244154 0.1794831604843001 696 3
17.097488115056215 34.531337145742725 0.08917832523871982 293 2
90.8394748566418 68.04486377683872 0.05307353146943052 783 5
16.872966118679244 37.661385555349 0.011840259890244238 869 5
2.9913584827382933 20.37291516108064 0.06974145413073266 977 1
92.42292982878998 87.82919698520453 0.07858242996667728 350 3
79.49672846995293 8.351350068313401 0.023279744202148223 543 3
84.5772394954227 99.37060145961031 0.18857362913241696 978 9
73.75635578180153 91.98282610131015 0.020836655186905834 380 5
56.73426057643671 88.81128425950429 0.13613069873585362 898 5
72.47833136683968 5.492028078841704 0.0921907252058951 807 5
96.68978603904044 46.18667373092331 0.07641864873801435 854 9
85.14275602056385 39.71638402981039 0.15094220955129642 808 5
28.411408665350713 19.034039661960776 0.06819489358602981 830 10
53.37638358871818 89.17942845041843 0.11984364489034434 760 9
93.13031025197266 88.97335564091581 0.18057004032390014 379 10
82.15482538096599 5.0249244347710835 0.07059002266361106 815 2
84.70772804438698 39.41748933877959 0.13585489159056396 520 1
53.43151963736015 36.29901727517184 0.16042229867376584 787 6
52.85391665466079 28.459790922730576 0.14715898921119425 493 9
22.178842503486795 60.5139014830664 0.17743569889986696 387 7
92.41828503107666 18.071265812273353 0.012735459556878331 209 5
94.76719546770073 63.29886727619384 0.07931025750095648 550 6
33.203278963843786 65.66957431455374 0.1588104884493916 353 6
33.21984866754146 9.1404378082248 0.07054269670211064 884 4
57.20090370165026 23.135979309701092 0.07486060145334694 502 5
9.929518737102505 29.176846436458646 0.06232999016791012 504 8
77.73931923889823 89.56755299737665 0.09093812612967055 338 6
81.28344598313454 47.482866829185696 0.14844788290653835 668 11
59.77788182294632 77.74993064126701 0.11335715532509211 123 1
21.712880789332278 45.01644421286058 0.04410616264405408 290 5
16.415962819300457 93.2703092846842 0.11219530937406776 746 3
22.144758949759368 58.57588542260408 0.08854775952255196 362 9
67.30434102923782 32.62548186385138 0.16743343244927508 351 3
76.34681258746585 27.804267754861943 0.12976691568206047 763 8
75.33100278097827 87.00544038807868 0.12216701704932462 74 6
1.0724394813412252 59.8290045635162 0.06986581194076615 659 1
89.77008058549396 90.80553621572102 0.023706432149441566 639 11
97.2814168179609 86.3642524015682 0.08091856146930014 919 4
8.95368588632951 42.95055187013376 0.1522874475151458 421 1
32.44258940386371 82.52535034119256 0.03838434551411259 119 7
62.54715256540314 90.96177156822532 0.1064004302295922 270 4
26.053645913616542 25.76096657870075 0.021602290059002785 542 7
89.58153384979624 23.487844215835572 0.1148682170379753 609 11
4.188092650793784 35.53293942283948 0.10077076101536965 138 7
49.118038577206505 38.998653462504905 0.04895029672635016 584 6
32.194961142597265 65.31805171669625 0.10000969314459521 591 1
67.91229275365754 83.73076945097642 0.0831430467700033 459 7
83.64931328167033 69.80644479450723 0.028094683899865344 409 5
98.271361566657 36.69404879068681 0.06656638645456683 916 11
72.36031482695863 70.74367093937516 0.18695034567306623 494 5
38.87266269169422 92.78838236425678 0.09205904504683814 922 3
3.3374971176004853 67.42112268561446 0.1087296189477967 63 5
33.310352357282056 88.70433255399571 0.09144564281642197 302 11
15.540299435526139 48.30814213243181 0.12459409502158644 743 2
16.229915018522423 84.91899892680608 0.18521378216474896 894 2
75.31837661091495 78.53340492987162 0.16422144795564406 929 10
85.2202801724264 11.638192965528283 0.12613866937306237 78 3
67.25175047778717 19.982042897031583 0.13085334273238802 453 7
89.22229036908197 30.486686378256767 0.05946804684236851 471 11
84.15351066969741 43.759862826303 0.021039846325980344 81 4
6.100694483470759 1.4992818699308907 0.1611845034708285 100 2
25.715702441491008 13.441986107578286 0.11187928130425472 18 10
9.88392450827751 20.712703479540973 0.165728254993658 343 8
12.431086398439051 35.97686999851666 0.013805306792631488 326 6
16.341310965848987 71.7463487209471 0.049940043420047 936 7
75.87493150417754 48.003424903236336 0.18754215556518009 422 6
31.327280205230114 35.6525991714822 0.08771881099105755 158 3
48.644385927499066 70.0260755318317 0.15908865225155885 120 7
23.68100430937181 4.939378692830898 0.1580732284926027 793 2
30.85124622741312 34.387207385491806 0.040034388836133916 193 11
38.49193447681509 14.258775418542047 0.16504203790272376 458 11
96.19611060456621 99.92458234441301 0.09493866365096555 975 4
4.722329119800916 35.98687663398099 0.039627129667899504 91 5
60.659961515023696 46.804659498262744 0.02358662685438792 840 9
20.686693544444278 60.37705888030356 0.11262994879535172 984 3
21.034245966959585 64.46247906961938 0.12266355853126133 291 6
2.403009083182295 17.419346549313218 0.12017117638993735 667 4
3.7329404574486857 68.1982488779752 0.04047391223708738 790 9
37.78795979930691 1.255420887359593 0.022389782653282633 220 10
10.369444569311337 52.3318040661952 0.08552690349115626 416 4
1.5663531127065533 79.34228673650819 0.1785392549406899 614 3
12.76085716360027 91.37372643646849 0.18319319519951707 920 11
41.0319868613924 13.05760442103554 0.03720773093632047 185 5
99.02941665492442 59.24067802674896 0.033037960321125 669 9
93.2244942860838 43.46713319616185 0.07677540982318555 715 5
33.92255368895045 88.3480446968725 0.18801456154373394 127 7
45.27836113731701 87.10000959437316 0.09415566986571951 690 5
54.196209393565866 26.103968208849725 0.16921029186260222 968 6
66.48911501328568 18.136745104681584 0.19677961834776178 20 8
3.6095072608095857 54.97232666489192 0.07635753230294952 688 6
6.40976060873747 47.15816833716532 0.1116154179075909 69 9
23.2534559542137 60.04114399061843 0.15897184845568796 700 3
77.43367399371604 34.46285099188102 0.13300017305985273 331 8
58.62735137516124 49.599205318449954 0.14244048514570487 386 5
8.14492549997573 74.46145633079223 0.02753344601021001 267 9
44.0094879858526 4.826948127983021 0.01771560429932261 917 9
79.20865192773854 60.105640092163796 0.17542632917894527 897 11
32.50516313733214 62.18433881408411 0.19171713850405686 303 4
81.58842824297551 21.458131820855197 0.09801573696159635 920 3
29.657061146817256 37.417190040084655 0.06488738537440165 715 1
19.012595136437184 4.210628233292423 0.1568614769584699 925 8
76.22070307369573 83.14848703500365 0.17504903692091398 343 9
19.374482310462614 17.354878917968087 0.03978527332610981 127 1
80.31652333600002 97.90200427943641 0.1797961683990137 192 9
68.71508275907013 37.86954662531586 0.19048043279132915 521 9
87.30263338811834 37.02641262412821 0.15623512550070692 860 4
59.42592379066618 38.47721177971949 0.19607477678621607 724 5
1.3250760396272376 94.77471299932286 0.02840738874703657 626 10
29.876016089127468 59.18858700558837 0.19708396596187963 910 2
33.17525266475414 17.59545103838872 0.15434536027592888 580 7
64.47329085556716 38.83545507083361 0.12395750167681195 40 1
22.12067963817236 73.8787341803584 0.12457275275840575 440 2
20.760463776530525 81.39635242766992 0.09497882477790928 825 6
97.64784603725268 58.75303620200521 0.045065983223354374 176 4
18.400884759649383 62.87375922917956 0.12618997025261466 402 11
68.13120004354545 89.79399921653098 0.08345823718992439 695 1
1.1283369314971425 19.818534020465883 0.19123208012091708 510 2
48.463938079771054 19.215466844281227 0.16618559043530348 74 1
55.60336208977841 83.62094411479785 0.18169995655722979 643 2
44.40877206677244 67.12958316426212 0.19752141450175054 35 1
61.78375348335935 52.12261011454389 0.05126414996028273 969 9
70.13319299664069 52.919488350486645 0.03620672946767025 779 9
29.330155841577277 10.567425549330167 0.15031296462262436 685 5
6.707851776400298 59.92870250675944 0.1403374374498989 593 5
75.73824313195563 48.28099989409312 0.0861790011515199 271 9
33.41894370136065 58.26062341617276 0.011177120222822478 901 7
92.55702139316008 78.18476410136022 0.14398678334552434 329 3
7.521634915353248 36.61530523228218 0.1659010418129251 696 1
18.86532471882647 40.99080945277712 0.11782260650739804 539 7
16.98626977462644 15.89912339356987 0.16737818079587694 958 11
69.01772284211205 82.23087441328764 0.06346964806028918 194 8
16.334445072198168 79.50604829069819 0.193147979815014 750 3
92.66946992656392 44.970860564253144 0.19791574110758683 259 7
97.6410245379301 40.42664516673251 0.16255834289667567 510 9
94.4836313388945 37.07514207738074 0.14678571462850554 640 6
49.97114296010019 20.124998339690347 0.04652000389981391 216 4
32.88056643526232 89.81674097415531 0.18304584572984714 677 1
59.28288816003662 64.1344161065854 0.037964194235961764 979 3
69.93772217248207 38.57660860287265 0.08775621999402161 106 11
17.753301654781794 48.775485838568144 0.019850869437319542 621 10
65.15149652445315 89.19186925427356 0.02701856747491977 242 4
45.463902514764 12.234793627216378 0.16865492716273883 134 8
6.04509382338192 34.48659799123565 0.055938309646279376 859 1
91.36127596090466 93.64666370022528 0.018395424515612623 316 3
88.12403718465052 81.00064279858869 0.029164463012077292 211 10
88.77163204592257 19.955387956917146 0.0652510155998303 566 2
1.0635780315597754 95.76545921301177 0.05086420319327941 654 2
94.64424028072199 50.60309363956272 0.014074463281576933 191 4
43.248668751438316 71.08528675354259 0.08973559397408586 88 10
6.54918990674247 18.080836031683656 0.10721682861812866 126 4
37.71116061181583 58.122067493216576 0.08588313173212357 174 1
98.60076679473602 47.62342380344252 0.04212260551811702 242 5
30.419658675156626 46.04094017143663 0.03534792267639082 279 9
1.3884396865116 66.34729916399341 0.11897277463135406 840 9
63.27631344018266 58.437671243339665 0.17347955900296222 210 8
71.12545835859866 41.67424437227029 0.08410751312038622 18 5
74.55960394719749 49.95517247259057 0.06975212150028387 445 10
46.03369547702311 47.58510946598541 0.18351265273037776 902 10
91.70479695796763 98.69424957475071 0.12423652999129024 844 2
18.381122476122457 30.42753916634926 0.020176523872870597 598 6
55.5269443223524 24.086852092691437 0.16237630514556198 997 8
58.137120798450646 64.18718554672242 0.15967693283390635 666 7
66.5120452107814 8.322151979737969 0.1189874657412103 255 5
10.92905634622613 58.01705138419197 0.1372760426448071 882 10
13.17304421187897 14.888010568674781 0.10908194623159208 586 9
44.765118763555975 49.00187765706111 0.08360743050402701 85 10
80.12483155030952 97.54154633633487 0.09831950627262956 299 1
29.235344101291993 33.2084897724633 0.016306242580808025 674 11
33.108471161313325 82.0084135394283 0.09606039957456997 224 5
60.09339699554847 19.83762534555702 0.06072562439798231 107 5
11 73565 17 30 34 0.01240271395927398 0.07883915950047489 39 3 123
2 72042 16 24 30 0.015020481404122096 0.025238103737947576 54 4 128
1.37451821149593 31572 23 29 34 0.021129123437825057 0.03820684026136608 51 1 84
0.039360150869036485 2393 22 25 30 0.021440236220908584 0.027862850750549333 55 1 45
0.08744714441450172 78743 200 25 30 0.014378662204991663 0.05011375768776317 0 1 102
