500
5
5
7
3.6271479142103047 12.546027478835276 0 0 0
26.78678573014901 53.65046328257602 0 0 0
59.698032962365566 12.462154774671042 0 0 0
72.42904818453404 55.72625706836117 0 0 0
20.397287309167066 13.70947404177343 0 0 0
12.227385072072106 54.88526379698951 0.12335141125288095 365 1
29.76137712183323 60.27198413066579 0.05752644702725962 985 5
22.645099053659234 52.550865438519445 0.12734147403739782 179 7
23.208620985536687 95.40398274169617 0.10492230093363193 103 9
44.067418429062144 80.73118092816397 0.08671591297844766 456 4
20.006841753585125 32.04656417679611 0.017008384291750785 753 11
93.4594245762501 37.553239418154746 0.12606428472140388 793 7
11.019191284779062 59.931453654018284 0.030625021477187674 188 3
30.550447215188225 31.074260345330284 0.18701153414292987 191 4
96.13394781732096 16.9802746692015 0.16040277347777865 339 10
2.4357025574344937 47.41807449557363 0.18417577795664497 118 8
30.033270090425614 41.01094528026542 0.19240055014151128 214 3
60.015788098248166 61.70762860990207 0.016629356512893427 182 11
91.15299061059864 53.88069427211373 0.026351313903725075 363 4
94.76271460205238 3.402880067254388 0.02236827581667644 154 5
75.53753302608672 63.152897422102086 0.08288946251799276 805 9
44.98299783652674 62.55361681372832 0.02421536661938371 771 4
23.05891664729607 60.95319959439019 0.05009120235193849 156 1
80.75885448110816 53.68278014827735 0.17696913131725855 223 7
0.888825185321318 88.07610503769821 0.1510857056667668 201 6
25.44132429349434 82.15826275429967 0.08387384371420958 323 2
79.3406255863967 84.02698026598343 0.10855444775445668 625 8
23.49181517204022 45.59617548000626 0.12987228240766352 891 3
24.803359746695154 36.89351643732147 0.18570776970514075 513 1
41.602664015418476 23.91473651543584 0.04508820529146727 958 3
60.80557774405594 21.261992839725774 0.02025579766141213 74 4
49.93047346220833 48.0162445941455 0.13393720528697953 717 3
71.13117031599967 81.37915761000562 0.042600362401973395 915 6
62.015259769516796 1.549754512037449 0.14584223201973914 33 2
85.96736944503061 56.767496813532915 0.14648110435133652 714 11
80.44724938211878 49.66652354289296 0.0793032932351574 431 2
97.13394586437607 1.2427600258359983 0.12441406450879017 334 4
32.9348800001658 9.018752240440907 0.11165555426018485 535 5
41.69891904852123 68.12310120378702 0.11482502548078971 87 1
46.13552910609954 5.773664509228016 0.1003347773656542 171 3
90.46322558167897 1.9120308826092947 0.1731655744117271 865 10
62.557362169835116 15.98293506779691 0.12493441432889506 238 11
18.540067412136974 20.185850550294692 0.12683308125754866 52 3
80.75361722920043 76.35587608063746 0.04450865868905848 63 10
0.12472510779710788 32.22481919447778 0.1591620803601555 898 10
3.115196590293612 19.369090856979764 0.0181093804082147 169 6
12.156049788126966 11.957877280317186 0.08411896703808214 210 1
59.69127734838854 6.937161959318072 0.12873205767431806 744 10
75.69331832837825 90.07110230157409 0.022437959052502947 295 8
93.20720934472433 13.924370086157435 0.09805566217768263 403 3
38.79451467911963 58.91514940801953 0.15165951633607824 453 10
48.469109060231155 93.65793090201699 0.14782020450432776 273 6
27.734585615477904 82.77994907728369 0.08047764313433015 999 9
98.41293810250582 37.044459808289545 0.07601604304747381 352 11
61.19770459606349 40.939280049650726 0.15348069521491914 669 8
2.783176970128709 80.10329623750944 0.18274734121647285 931 1
2.6707933627529656 57.47161505152542 0.15848977620550814 323 4
90.06939447307052 78.27204777123933 0.07616721620967966 535 2
46.766078025813776 26.302317645717054 0.15805476903747886 260 6
45.308868453629735 34.53280747870134 0.11587765644969761 750 5
53.76077369475897 43.32047185118324 0.13167836894196674 897 3
38.7851185252727 65.549810956809 0.11896482930485812 361 9
83.61018984033576 60.96243322329741 0.02691535855685294 84 4
61.7782856183518 39.801587645525835 0.012421934675607421 803 9
70.42748060116705 84.46913494127334 0.18863308797409306 127 3
62.28224630317837 16.177627981987243 0.03393815789226258 262 7
55.71550724653821 53.78019666752325 0.06841814719642268 416 7
97.35350031852919 25.225153008189682 0.1032278356378465 981 9
26.656140192321665 44.490971249738166 0.06648072793330344 857 1
59.90668896528978 19.332872034762318 0.1687396168027037 103 2
21.419747846568526 75.42292052296568 0.18681748228830752 715 2
75.99936764487892 46.76127980649585 0.18459296146879814 25 7
17.862647652404252 95.5977564899283 0.17177620283027598 782 9
84.39412510607394 26.706581456382374 0.19603372043408693 943 5
89.60978241505046 85.47662796721816 0.08800569626649284 35 5
11.903401989076489 52.23379797701709 0.04386174784992833 158 3
81.89601129615127 26.121009515196715 0.1602440381212001 929 2
90.18550744934333 44.585222259822245 0.0319732934919787 77 3
90.79276271467285 22.95389003003976 0.08681275507747227 433 7
43.51985819629577 85.09442497231518 0.19544417276598805 827 3
76.37335695507991 47.14074849695893 0.19110507917903546 440 5
92.74975280222624 69.76818390487105 0.07916417335173455 690 8
17.32442280190919 82.73162000475682 0.08511459829585903 808 1
26.377564302019973 11.395341207590926 0.07988605596736371 148 5
69.41688024356857 72.95842828540394 0.05335618318101137 558 4
73.56694768643528 14.031177813340978 0.051524637898346756 626 9
61.41862391751594 87.19063292032396 0.19100702600175043 951 2
5.9584603996141405 37.07756775243071 0.19198575520094327 700 7
15.08644943976709 49.66370365283402 0.035508165569679756 730 9
92.12009156273 4.994766380224636 0.05692302282786736 442 5
86.2083358651951 77.21088351645025 0.12945078890230136 168 10
67.62523745645886 29.48702179780366 0.04467112066496089 910 1
93.20504924773631 37.176830911176296 0.06235877095396967 52 2
78.24589036644959 22.407236162920054 0.13679405656523072 775 10
83.21214033198771 95.59958782949647 0.03109832231397984 365 11
83.3169970261508 82.83040439957968 0.10121604048912552 798 5
75.43981557016406 86.0314364289264 0.138591166585812 324 4
10.976805221998054 14.650657069330064 0.05775934002404442 129 10
48.706672092014536 52.43700838248121 0.055227525508967173 732 5
29.26990983513953 82.51252132380688 0.14986318428439604 947 3
49.06651123636892 20.130878018098464 0.06421805527060423 540 8
27.467196223873238 15.836380719161491 0.10939949816472049 960 2
4.670093775002915 36.41232828786036 0.08580239603908105 283 9
52.28902585633296 59.75814545209535 0.17174881969025435 918 6
43.702558590979926 91.71586839534596 0.18756816229632653 83 11
45.68729268766146 67.44744388359975 0.05478362699167443 158 10
57.8218005986506 86.25164712849865 0.014908827608566726 832 5
36.23526963457551 48.13119925910413 0.11169654858199413 74 8
47.56151731265143 79.7323661252045 0.06746640717005443 89 10
53.08785132730605 49.59151455962483 0.06634140917368218 933 1
2.6731618184963835 14.983028268478582 0.09295782796022818 445 11
97.29213029468762 36.288904638184505 0.13539767726394938 134 8
30.232429135550298 36.89267201621876 0.05158508602566046 640 10
65.79763544534603 15.106401662524826 0.11540927661436313 194 1
5.875959396197194 38.5464234377084 0.15921731196045258 978 1
80.22558343710999 79.88294519762178 0.15903963264417453 188 4
72.68744233618189 62.8458983868208 0.14000638912198754 933 8
43.16064777488769 3.012765487088531 0.19321382165079434 626 2
33.678572087128586 61.32463604298633 0.08329286936391317 364 7
30.93953631677119 82.20013858211172 0.04930938647343384 203 6
65.4088382877766 63.926228931858894 0.12102667288388834 65 11
64.92717379108089 32.86774059998 0.07754673953911986 485 9
82.45793024610643 24.637127221155975 0.09013794453923113 252 4
98.68000069540278 0.27433177272159215 0.09796796559945697 380 6
85.3999499792487 60.01520421753125 0.128009148036468 180 10
81.45165718669169 19.71299573794817 0.17740989632427634 499 7
62.42287922965011 41.109999255945894 0.10210229514709408 261 5
32.74006985141465 44.48632021522455 0.07559368300025518 234 8
25.32991521484996 35.95698875215878 0.15260521336967708 412 2
32.51764239806185 56.12734607273905 0.15507398939327866 680 3
68.20180542717397 1.1923209015395342 0.19787117871122495 210 9
68.3349556858877 67.436346528767 0.09394681748052548 405 5
10.342113871114123 83.0535780485308 0.04881613678356067 507 8
6.31018107952197 48.65752068062093 0.19755182406000987 847 3
26.104866093809054 11.062979702529496 0.16884383467522357 563 8
7.948502407128544 89.5628454917344 0.09682931764468476 771 3
62.61426791628075 34.44706156860441 0.1834152332990262 223 2
62.77757939466644 73.22155401344114 0.12602696747882278 150 1
35.07655834704379 63.30184135100616 0.16124835015657527 819 10
28.96347685760664 74.64985853472695 0.0871823855839273 43 7
81.79209804086544 17.22908977564124 0.09754810352806476 309 10
50.5991315522341 12.096474266037172 0.09214902196691266 583 6
19.486112991815386 94.9227665676864 0.025105035998762147 27 8
58.924341614775955 95.39651562920187 0.14107510327010578 333 10
4.703242167902555 98.86810164414872 0.1385658219363226 714 4
86.4861434854526 45.30251392075314 0.16184544793958894 784 2
28.226327021900676 95.90742282345994 0.1798748110344332 826 2
99.41915919540854 76.67127348504215 0.07949140194027736 198 4
32.210115320553825 24.36881578759216 0.03973823647337667 899 7
54.08679298195668 24.204230376235003 0.025564646927032156 914 2
48.14962484491788 97.30916729017484 0.01945002281495946 109 3
24.540901944252536 71.15293241208167 0.12255457037224003 881 6
55.61553970002324 6.467803186988974 0.08747010738122607 623 5
60.51854620787424 6.748020276768618 0.17896949530246098 192 9
41.49268454630081 29.398259298949057 0.16216144129999377 719 1
4.858295316664396 6.524673942901149 0.06787043060014245 695 9
64.4184833012795 34.49213800174851 0.16665688890242414 737 6
44.94865534467745 65.90238828722948 0.08925793731373156 584 4
5.134395567476135 46.50680598563765 0.0815083287664328 482 9
24.424709823476466 31.5530103926559 0.15504544790532873 999 2
27.95889169613066 44.93208968967299 0.12075637137010366 256 1
34.33018106681922 59.72752377127516 0.13534106891180772 11 7
49.53346198533691 2.378334969717133 0.1465001112331872 332 11
18.015935658495607 62.51977809526681 0.15698817617631802 161 3
65.04332968343844 94.02762616711698 0.0964503121596766 205 9
33.37468876144667 3.220006409412002 0.049406913845055585 967 7
27.075708839837244 84.6193786796613 0.029964879523821007 824 6
73.298763661681 89.88756611947164 0.19912721113912746 854 1
27.720010028037876 55.98044308164586 0.0933226404599909 673 10
97.94546318654409 51.41632656685425 0.15568296163157838 593 5
8.978079989497513 74.6496307347602 0.14287277507241694 132 2
81.65679419975197 48.60817708364367 0.1711884553998394 310 3
30.620021932916476 60.57401134212592 0.03300787396182005 392 10
26.46059431250962 17.15801405312093 0.0581072604647857 188 7
97.86240295681345 10.711061921562049 0.08730457028027266 238 4
60.965996560589666 85.07179705780075 0.11039357947316762 276 3
84.33858421462497 26.40646880906906 0.037337693308296935 837 8
23.24531249177184 30.218923698815047 0.16210677756057007 223 10
43.258267202854185 23.61014257820657 0.09625070582105416 761 8
95.82904350451447 66.1424372038391 0.19133848666211517 82 11
2.567127068587105 29.435220275025443 0.030833838864358108 556 1
4.378526054033227 11.417781902105729 0.029510903512776958 244 1
30.269999386838396 8.418356065235955 0.1979993321744192 297 7
12.50607692720619 27.532139461706773 0.08955021527392193 945 3
0.802654791588997 82.67290458954703 0.09770450263006646 740 7
27.65862096438736 67.30385854726613 0.19711952230861954 970 1
67.39974983097126 24.220650660444644 0.1406170600708302 18 3
35.85511096426413 92.46283085551977 0.1776532841077759 715 2
41.60664443840012 5.758412137184033 0.01696413196041554 285 6
24.999002418188542 87.43349506759807 0.15626040338644615 304 1
97.74711020488309 78.47973666784823 0.17376785461076963 881 7
1.8923267650951203 26.88322260667675 0.18194366748571233 495 4
38.81533134595219 86.75772272168079 0.017109317343215538 323 9
12.586320402578433 29.43060824165544 0.1763635688122536 674 7
63.214171981539245 88.20129217138104 0.07340196821469253 352 7
58.94233132847811 49.292832805961595 0.05687631835300471 624 5
31.136139511919158 12.143715856551662 0.0814372308693615 580 4
33.9705056847151 62.68324445458763 0.16809599562497482 338 4
45.44141567638545 57.48897707296025 0.18889389040580817 942 6
0.8630034151671184 34.68506147779039 0.10402307057874056 734 7
80.00722110675382 84.8429478568351 0.08712542578248259 780 9
51.02341570907719 4.647106127241796 0.04787347687184646 988 3
57.96383718327369 72.58529135645855 0.0357421102240638 46 10
21.361604179286854 38.924043243758014 0.10518754667491649 947 1
12.260797454920613 67.11997674109136 0.1286391404996565 259 6
45.58222095198378 2.131603573187013 0.1869943471974247 357 6
31.98810376228688 51.13883786067078 0.16010643980154735 683 2
83.23776173943368 28.068789380411285 0.07670046704440354 97 11
23.033947445154823 29.2663431751669 0.17188826876072963 490 10
72.89870085794807 1.8747143835532665 0.13506266158259822 458 4
18.55072269776429 10.469282968288063 0.12960332012196968 888 9
80.8405251616891 49.79076908616522 0.0851662944052839 490 10
4.934516272429801 49.10308418328834 0.014340413463317013 940 6
53.086074925565164 70.95666681859947 0.12663237875871225 224 3
26.438093826815525 96.2407643574412 0.1805340938451621 939 8
62.748472894082994 29.595653262547017 0.16514295029179543 232 4
37.36680013792659 19.722787673788666 0.14478182165098588 250 1
81.96434735612084 24.826687189915543 0.10746056008148087 524 3
52.6391402683909 27.298854252013538 0.04881705601052562 482 9
41.897082744335925 5.081420099019029 0.13790059280572145 306 6
19.078362995997587 66.59789191889529 0.08462444687152464 735 7
86.26039251563252 29.27174808704627 0.027031873490895995 428 5
55.73364261209781 79.54054818889767 0.1990104213870614 961 8
82.846609176847 27.061144356931678 0.10704182866661777 168 5
24.623173451654367 31.878732213707252 0.12574408494916822 11 5
53.05276540794653 16.609965463336064 0.0705069004357509 971 5
31.613224378106818 29.41709005128156 0.026802012941928383 134 10
91.92193740273123 88.79450706797228 0.1767366545234869 628 5
76.52021559006123 36.89646226739484 0.17010478279417485 418 6
46.88596042243681 13.445165278438598 0.1843853845262008 871 5
36.45321482809724 56.91224847249654 0.04089314073591946 531 7
94.44139625203725 30.718393583773818 0.19958962117415383 966 4
89.09874354574173 97.74357056462729 0.10756575378410531 578 10
8.715180480762418 47.74608890144791 0.06111403280568856 317 9
81.83127344545773 98.84261332797088 0.046128293643921174 48 4
14.01074949787261 95.32037122563754 0.07808571112595673 816 11
24.959117020771803 25.7003206959303 0.06614357573284461 599 9
29.111749546123068 88.05712354013342 0.11221958160665609 815 1
44.90565469091907 42.06796505805316 0.18012847704211307 105 9
86.12591898098853 46.69389969569131 0.06733880396908008 911 5
5.469123866998816 46.49098704562484 0.1586995463711911 914 3
85.66882007487156 6.493385811821684 0.019611245435647635 611 9
73.89201933185589 10.243818139640737 0.03195335102745511 216 11
0.3741100311821288 33.64368255346013 0.15964651700391191 589 4
54.306734025532435 13.6810271386543 0.11173680331476034 575 3
74.41286651891244 89.4950349484128 0.09433903490535153 523 7
51.007108651959165 75.23889415952698 0.1033309374522391 702 2
75.65594229677633 62.498525126779434 0.08375655000937549 690 3
67.74832373428261 53.99340393659676 0.01136438960034073 134 9
41.73114210371457 31.507319177791594 0.1818925368212634 18 5
23.571439272582207 95.87780200628502 0.023627767972642183 924 7
90.77821078936358 92.30650527148005 0.17607708406032382 137 1
11.40313291971069 67.1242106715977 0.07319872886253419 575 10
82.86207586409033 87.96840779332872 0.15666848105829667 567 5
48.166838287194565 97.28098654227956 0.149097724645025 342 4
97.64245780877889 92.30333923068058 0.11338375658557598 59 7
59.36975956419723 18.179189157098573 0.19542768724603732 59 9
35.89981467474318 0.13140396177717673 0.06857551454786606 433 7
75.79461467009187 26.454164257745706 0.09810122790329308 996 11
29.614991936312173 93.5844885098472 0.1403119115123622 766 11
40.525988884767116 29.974189584965792 0.09621135857600958 498 1
90.29378326259283 19.956461323647588 0.062330255090193805 950 3
95.14709688657082 71.56605212058427 0.06917695342198199 528 4
0.9203108704283203 33.31502757642406 0.11153483152980882 110 3
73.06702043918817 81.83306200914352 0.14098015370407088 1000 11
14.44547360644981 69.58747362030809 0.09409114501392997 432 4
90.23242464698015 87.7078976018555 0.15386767990531677 730 9
35.37031258367309 81.8371454545146 0.1937778284890798 416 6
3.679612914137753 21.854711736986687 0.08355070759616146 502 8
6.870935874370954 33.7933553782922 0.10536585938611143 55 5
56.52002332660179 67.07615395565949 0.1994512251346005 304 1
27.601068537772587 64.36563490916275 0.04800548835750137 90 4
58.77726879251709 42.7838225029482 0.13007738404610575 593 2
51.127160818014794 41.528582642979636 0.03800872923873472 267 8
41.65284737007181 80.51459785591068 0.16658557088373263 117 9
64.54595677989737 46.06504893035825 0.1328966594782601 455 5
93.67424223929032 92.41886472323961 0.10851109974376431 887 5
15.756181907736766 75.16059744616712 0.06924127276712905 934 8
47.079525908369504 84.93630624956953 0.11001124571866462 67 1
74.17420987281047 48.36909274850167 0.12538340279932675 619 4
29.38306507637004 99.59926134863433 0.06535599836702731 77 10
6.131852708442597 46.45357609160453 0.10263503636501775 883 5
64.97683503630502 87.79188369305004 0.1171854018845315 844 10
96.18023321857171 50.50090073552687 0.02632278077525734 325 3
37.98575303232072 91.2944684174403 0.026176894945375548 760 8
43.366583746816914 17.787816318556114 0.1872194816945047 422 3
79.80421664865793 25.550186292771627 0.14947953508428344 41 5
89.3283017888104 26.91831396020077 0.01941398217469927 696 5
13.757820403713305 61.94624098639664 0.017774742644430262 363 5
44.65904997343609 59.90993561400255 0.09530416168547147 514 8
0.3276360686614632 97.82257465134748 0.1455452134188252 158 6
11.398362591590871 20.653193197500375 0.0431643358923147 648 3
32.89557746410502 25.644478092146883 0.07023501595561267 719 3
80.9464957890894 41.553947258983825 0.18311619167961052 647 9
69.62272309149732 63.44964186053068 0.03290570183561681 114 7
25.335130795006357 85.06635568775106 0.04185702919412503 483 1
16.5246993965518 87.69645330436975 0.13108629814078337 878 11
56.62083984697775 23.51050581719505 0.1541602069442611 977 11
87.2541748686943 70.94514197399465 0.11808483112529428 23 8
67.14233534208634 41.59759986512665 0.1466769953380253 545 6
53.487809074924186 15.176632072120967 0.1090184828222324 342 1
53.68311591875047 79.14057502067352 0.015431451269061508 437 8
55.1917718337564 27.922240807541776 0.14565827930467004 939 5
36.83856151963294 6.214360763595305 0.1666441992997185 393 2
17.73244796629988 88.45177849354843 0.19768328841583285 207 8
23.122488933171713 80.27067349348984 0.08383044706073836 130 6
97.20635444981053 49.5477031362873 0.1450501949501597 630 1
99.8034072486016 14.21035327213367 0.10227669205288535 958 3
63.527533589016926 23.805272619887276 0.18935341031819777 159 5
1.9773049754888472 16.983148111052714 0.18459072741160765 982 11
85.86075028263352 35.46522957244969 0.12295720045519545 125 11
63.324244080936055 26.193587749938864 0.0748675506974381 593 1
20.58111183778799 2.176938491820324 0.04474407149754289 636 4
7.581941853579077 33.3667825822057 0.06125332038842103 404 5
35.91058216535751 44.58294655401569 0.0860167815053743 962 3
97.33010931774479 59.90811754852776 0.11063273871204521 705 5
67.65316438701116 36.930495128359894 0.12978385842062576 909 1
38.01451331561716 38.29434213647912 0.04850398176833602 470 1
25.585948717838193 87.49723872736719 0.026128084778403587 420 6
38.98327587043664 83.24235195005232 0.12356752568538212 640 7
37.59619523280765 85.67184876453649 0.05195659789692521 335 3
15.82874916061401 25.057542942377154 0.010090767762279965 728 7
91.73198687948992 29.09183105786405 0.03298765758891562 292 3
49.19559180324894 37.35842525035403 0.13680746260807 785 10
78.16809697593176 4.341955203727476 0.10366730943263032 511 3
97.40219572572781 84.67593336215107 0.17130805366420174 498 9
82.08051271524492 74.15370045524367 0.1537418550159082 912 6
33.32370929892612 46.480493624983325 0.10517617141692204 180 3
84.6149901454099 28.660458807517998 0.06985246809999547 755 4
71.63036464318994 80.47899005663636 0.11076658176922939 477 2
8.0909855794409 91.98877403524499 0.043271394312811864 325 2
98.71270020885714 6.296364918288799 0.19657813159585816 381 1
70.93859598687978 36.86687687445236 0.1679787609721257 101 8
3.17689304458757 56.07661002535666 0.06188052802334961 719 9
58.2711190373471 89.65312153487966 0.19312202339969045 195 9
17.8195322631707 23.920756266311184 0.14695433162188407 899 1
32.649617973512655 72.59006092213546 0.011704733483886808 767 5
20.182827704475404 66.99511253872528 0.19007555477410085 579 7
81.30849357406713 72.04025445068822 0.1088096608645691 305 7
39.52505989660659 18.82392729012524 0.10951755440310008 210 3
52.67217956499698 88.17985672181798 0.14274433614495494 240 7
79.47702666405033 43.404404909728896 0.196748276921921 270 10
20.233712847009887 37.10094938521995 0.02606590635732997 936 11
78.15208845449408 22.008585523720335 0.08979616530723829 581 3
88.91720759015114 2.3544696547658006 0.08667783779364134 175 10
82.89077475466732 51.11744139552407 0.12418338331555133 676 5
45.7731266872981 27.351624762824724 0.01648973198189762 871 4
63.64630340414676 11.41160552302194 0.04802654110386031 780 6
85.95634208859425 99.86079904791278 0.03544246496773472 870 10
7.796245469646024 42.10491382989736 0.01648662120154762 815 7
4.3341185301490786 24.484151543176026 0.10449801228819343 24 6
41.96798776807652 34.95152998457828 0.08682857217035307 579 10
11.284784340798392 38.57232776385897 0.17988332594283568 566 11
7.486800262502513 90.24100766319006 0.02009012145290942 158 1
60.385606677720716 20.868397708985576 0.1040942144316692 950 1
83.98776367180459 82.16083039985193 0.08277286229776917 944 9
15.333661924175846 6.017743207400361 0.06151686921087294 831 2
67.26877949818802 97.8498331469381 0.08434016611405414 325 8
68.02188439120765 89.63913240897509 0.1839600326980762 42 11
57.54760513241741 95.67473295980251 0.03723530554684674 920 3
6.046588827346322 2.5787129794440866 0.07345644844718027 602 1
36.30134956427477 13.61836023765861 0.018895544400104564 411 7
72.67786953859114 97.93099227674428 0.06970184437503832 359 2
55.0387203139076 3.4534955706564285 0.08916085895905738 281 3
75.59234294383631 43.136138045738434 0.15387977118786994 317 7
1.2186222918897482 13.903599038986458 0.09195827294793008 794 11
6.298079833659365 29.96632138079064 0.13579430428791414 303 9
25.382940678905253 95.51164236005424 0.1244849261217839 207 2
14.76949391683069 14.877333074376109 0.06958898763029384 767 2
41.25461121771625 8.081970701361495 0.18036926791251062 407 6
38.15216638900074 98.21733649543806 0.16323783709442735 998 5
18.632805512140305 83.17385946777965 0.11944004967027783 733 6
53.077183485694235 71.8519465230546 0.06358559646862749 116 10
2.838302814956173 95.92573483545641 0.09120559759871401 552 6
94.17433039514393 53.580327740799206 0.15187420203283364 403 6
65.55708839854941 90.63630951578693 0.09241072526234706 980 4
16.740511478104104 85.1228484351967 0.04047906864141891 310 3
42.186574925063766 41.847573959476236 0.04871801175866049 29 11
50.84621799086787 73.8463921205941 0.11786205323395625 418 1
66.48684699586849 89.2846906829433 0.06641482459931183 727 2
97.37794683730263 21.698825431908997 0.12401208813525609 993 6
50.18801258081916 76.20619924809795 0.05042786339852421 810 8
58.56009162713121 61.548438124478366 0.1342148178067985 18 2
73.87400649225089 37.45379479585819 0.06107713631473187 45 4
41.97640358375617 68.21357085167416 0.043932653310314415 583 9
94.53643320334352 56.309136773451044 0.07957278827395374 546 6
33.731122882756914 60.894573840577316 0.010230821318626472 869 3
24.142945743088827 6.76144635241428 0.1396742246752691 13 2
55.609577591825676 58.041994642268676 0.013615487957409083 802 6
66.75181706539361 45.14701263995104 0.15757794940012906 617 9
96.46343161046823 73.6264554314883 0.024435507269918874 294 8
93.1130191341584 88.22727625527469 0.031064029758080744 387 3
74.53272603129157 22.889388157108804 0.11274140359602096 445 6
0.4086146963206416 63.137059266983485 0.02603589857909446 492 5
56.11791783040009 14.003015142125141 0.06877248371918875 361 1
17.618339594521792 7.422156223778186 0.0770341332176146 464 5
77.88519800136882 34.24623654582019 0.065746617621412 503 8
62.10372836346283 81.49979723163618 0.19755212572251238 18 7
47.258771108802165 78.01573789014527 0.033882281754877216 650 3
69.73710727218949 3.3742791281008655 0.040774144180324844 745 5
36.13658265632689 65.26983843878986 0.06754142103783853 16 3
63.732640033221024 12.377668402201236 0.07610762450110166 557 3
16.243089288753886 5.955116201691768 0.05785588871939677 973 9
81.34242299379738 17.849295049345347 0.07033109843720083 46 2
90.73064300971654 60.929471812491876 0.11612625953927094 213 7
15.345531309040194 58.7072103351829 0.07568831359025394 622 4
74.47557651245117 94.54467773373472 0.09769068117879495 450 7
18.11261378630865 89.6714764575212 0.13661610314039033 449 9
86.27218661013066 29.140225617843175 0.017540284103783364 346 8
66.32119423637121 79.92876553932187 0.1058001724641509 428 1
74.47904115982418 20.67059613383815 0.18747917965291436 797 11
43.28434598795587 10.619578953444487 0.020331306664776415 121 7
41.31236665818143 20.507817296322152 0.01899224948286171 940 2
88.84811823049043 62.983353007002684 0.09687160900504192 74 10
44.72066796968497 51.825807691345815 0.025858304765136612 405 2
87.61914840006487 76.2774314441803 0.06842983121270743 285 10
46.89744322665853 16.384027455043736 0.1392789680209466 774 11
28.2540933056585 7.19659204069657 0.06340837173460305 766 8
75.48803673160432 15.467369955674371 0.17789797146446223 349 2
48.559366869058884 43.867319161547 0.12767654370392859 986 9
41.53497051496855 97.50441802775644 0.07275716262989901 291 11
32.66164811289241 76.7071336456169 0.17577485610752477 949 2
97.71020967078744 27.459007435594728 0.1284882441010405 58 3
65.51266193886595 19.186295443519498 0.15076005400908876 887 9
80.87133056205185 32.598169652288554 0.14134249782787653 689 4
22.574342122774215 81.71458707726575 0.18774820385651303 733 5
68.5546640760124 87.26236972410194 0.013802752651203707 922 1
6.953652477533179 39.69663167462345 0.1899880968038956 159 5
96.4668370837803 28.492223907472535 0.1539609252637013 792 9
62.054822562045985 16.493474129940612 0.1821574011691473 719 5
43.96640983255404 58.475375830242 0.17230030656627174 854 7
96.75072121443603 33.55098256519579 0.19429157615247683 755 3
42.980073902958274 82.95731799680166 0.19290195514403702 553 1
78.71315396258723 34.48290739016642 0.04723267747325165 802 2
43.066480854701425 24.24356394890267 0.01518025458960575 953 11
53.639135889004365 93.62016374852618 0.012481157604045754 527 11
49.0503094801479 3.5949283288429057 0.0564208457461869 846 1
77.42135331526491 34.94211650003538 0.06548068113858578 600 5
91.71846561567426 0.7737245256211445 0.1130200041873768 673 8
82.80866418049027 48.73580083260855 0.0452597224546563 554 1
25.359726399963655 57.63983686003402 0.11021220097720588 55 2
20.518434480614665 21.15111356333038 0.17264665948684896 847 7
13.82548428554914 90.33826737983215 0.11898286927949946 563 6
29.16984766364691 45.663720590172076 0.034195802417032274 434 11
90.12826584491643 78.11134321176479 0.1040369196390213 111 5
28.89961957911987 80.27517237606499 0.1859005875344081 501 9
41.290202989918114 90.0232393233684 0.03802967496803061 743 2
85.9133637701857 11.475228612114519 0.07302199224373872 65 3
92.62604483406861 27.949002400999422 0.11486247033101822 885 9
13.67092496526585 3.1861165896037047 0.12517481537404057 410 1
85.89576536531777 86.51074208822598 0.017325898965497268 452 8
90.43005584969951 36.04411683706276 0.12870956146114926 383 7
23.274212067854627 9.539577377193986 0.039881456025717105 454 7
36.41559232088709 20.798232315993847 0.012027819715754744 400 6
86.90741038287486 85.58028862174733 0.023267951341379288 270 3
72.16488266813221 20.581923121497315 0.17958370163962373 780 9
1.588708004517747 29.044733897632646 0.05586681199762345 635 8
8.147044142737858 69.24938852274057 0.1895614508722992 778 3
51.46542699820503 90.66621170308484 0.14829872243677317 423 6
85.65676714180796 84.95372617754924 0.1737214021397726 834 2
67.11969462198823 9.575358763032071 0.045401474952440304 809 4
9.971579029632338 53.674919351573195 0.03994037268746577 153 11
40.237639418399596 26.371335087699855 0.02069164426320181 381 4
72.95658838436742 94.58574348955668 0.15322483652221822 553 10
98.68777894764824 27.972167226360867 0.11499693292543513 658 3
23.45643275600846 31.47668577936644 0.14458736548667195 118 8
3.864889843419983 72.43260359317874 0.17641473126570575 670 10
47.508420929094775 18.422373256441926 0.023093954427157937 349 8
14.455549570395988 26.426396115725947 0.17219034957605636 56 8
66.42548545778634 5.373643068954848 0.07865845730390623 584 10
2.946757659826349 1.401150032535503 0.04188476709426048 759 7
23.515719853464812 86.86404691829648 0.07075623963837005 359 3
41.354467526070316 43.223391917338574 0.18133796691656057 533 6
98.11200228379788 98.977554088261 0.15481388765742604 267 9
21.558265527816044 25.847299299777138 0.09898360956599368 333 4
75.60523746415903 39.40564293819795 0.047399397598382416 590 3
87.19282993938418 60.22777057824019 0.016006494553122953 310 8
78.21376950974246 77.58314428885338 0.07978335772390328 419 1
82.19923358653477 7.003187916394504 0.0860719451271141 995 1
14.890198669392818 30.934071408437447 0.17952952384910006 988 1
79.0442825787307 3.1993891777675643 0.017563232775811465 909 4
50.47334901847134 83.00268974550215 0.11570190289286152 253 3
63.31460889255097 23.359243286778074 0.04220598187583785 794 5
49.97586193414881 17.241744112384783 0.10850994910572248 923 2
36.786563838431704 44.590279541844865 0.0622493885073864 571 8
65.24349757003064 88.78556595745944 0.11969692077809442 476 11
81.86986547997937 24.07306866482104 0.10396140026827642 488 6
61.60059062571819 36.5147874840538 0.022968435223227418 729 5
99.24059086148762 89.92443882432258 0.09498972073556086 171 7
90.01434520612699 66.51342059394744 0.011873371851695954 366 9
0.133244248010711 48.00330700449269 0.04588822066999058 372 1
68.73631208701278 77.48830148394231 0.08130556155125386 994 3
19.09312129885732 33.53029229847857 0.09070421060400609 539 6
31.781019850889138 55.27141181286262 0.1620234223341072 705 2
61.39855190701522 90.12513827951902 0.0836465719022284 769 1
51.652337941177265 87.95716411335982 0.18354388630313825 850 6
65.66667667423069 94.19479462710751 0.04971143494486316 374 6
72.03350496086641 16.371247340379615 0.05917339810365629 576 11
85.46823059708906 64.12701128975795 0.11046586724729306 601 6
80.03489900196529 63.02711605655842 0.05970287284859923 153 4
9 72079 13 25 34 0.02992042645907929 0.04198872090264588 51 2 152
3 73403 13 21 33 0.026010084126955872 0.029919726856444 54 4 90
0.978796562696056 31549 24 28 28 0.022037680141894653 0.03201356632460324 39 2 84
0.029952584948274255 1466 20 30 34 0.02830329394690572 0.03665306990319016 36 2 80
0.1157170224487949 75653 500 25 35 0.02894942076407729 0.07245816714634104 0 1 195
