1000
5
5
7
99.95491978697567 30.651236659644265 0 0 0
73.52207007404171 21.94354757976742 0 0 0
70.49849064410849 62.0605693224625 0 0 0
81.96339127258149 50.918607120938496 0 0 0
27.071498075054613 22.083528692344366 0 0 0
9.09159654508106 56.96969652464381 0.08050952534828974 261 10
93.43945806307055 27.898805304795182 0.16014973838667942 639 7
85.1869601102696 34.11589173252708 0.01008263096034655 34 8
86.40961009581417 4.628260724447109 0.17248839239725144 72 8
30.18485399102505 28.91165767353401 0.1816397232142023 12 8
87.27309017231826 19.249392925036734 0.010695557745333173 313 11
74.33284598706068 71.03366557605099 0.05461570423891911 787 3
66.1109479848783 21.70030262503675 0.13607848941608627 617 2
47.324708081852265 80.55131280016326 0.07464599493714733 622 4
32.61525170781548 30.400007336194403 0.16065897636635565 927 4
1.8848244322364982 65.43758613352674 0.19800866151290156 408 5
30.333416425609606 3.399137787849238 0.14340340489044479 257 4
27.807476343982373 41.373827519193554 0.1454151838274965 214 8
24.669787017977963 65.79634106450418 0.08458367490776196 367 6
11.727574507019145 58.05104225567478 0.01829066814832635 298 11
98.06340195575963 46.7341763121078 0.08709071028690024 29 9
32.148900619972366 87.99566014791966 0.0976620440905163 944 5
32.25233106574014 76.61543504558436 0.17486277938639266 738 6
30.75133389044837 36.31318035794083 0.10643046066562285 437 1
61.91186060478706 58.981646512925224 0.1985757462963654 86 4
71.29464571172072 41.06450625817575 0.09257622552579683 906 3
49.52545314186102 48.22986702462344 0.10054569749560814 601 3
15.396517458878245 49.887906845770246 0.05898560006701327 673 5
29.93768179502807 4.109806985454001 0.016246758275479382 12 6
85.17262314582356 66.94633006356193 0.18014867183979266 128 7
28.152009158522475 65.66624430959368 0.03865086589487745 246 1
68.65455360356648 69.46284928948899 0.03577717243775721 581 3
27.903214730266534 26.146602536120543 0.14874116540422253 657 11
31.57654999302596 3.2824657068222907 0.18982280063275805 668 5
19.83826670120975 51.21034109296524 0.04768247736477152 15 5
93.6525640998545 89.42002569261925 0.06622284346968355 247 9
40.79905343618273 97.0499312991852 0.042957666176720394 605 2
7.1669989523479245 19.027756649619178 0.1986945807065654 69 4
83.77975848633868 83.07125548816545 0.1656897484530777 25 3
74.26507403861811 47.92631662747427 0.0560119533041379 988 11
45.158885021002924 64.56731497395292 0.18016214262690136 146 5
16.142322093503424 91.05024491736026 0.13848368283283374 816 1
68.03474943696601 97.50821069552022 0.01616242296917102 770 2
31.13954757997738 3.4521453876348085 0.18479509082485968 793 11
68.78222145766024 74.14554586494066 0.12211271015377632 652 1
7.802387209087036 66.96051173694043 0.11162886086252444 564 3
71.77736224389349 1.1150248808519447 0.06717663931465026 446 10
63.757615429404744 90.85071798122127 0.02415956852366713 396 2
97.54910605714672 31.80466554672382 0.025207285096048648 886 10
53.787912672304486 80.26171097565467 0.17981843317572369 940 9
35.42217142529931 74.4968548139534 0.199495171108183 150 9
50.47308009954416 59.38974738138856 0.10147633522435348 563 10
96.09783239304191 91.67625746156767 0.19849135974371626 839 2
56.28249271565925 68.18635689151446 0.1526859252839369 481 10
90.75196253297418 34.87484951054619 0.011965205258952344 491 10
52.46120957640823 10.108193684614786 0.1768778669551675 281 10
50.63625547850331 11.544890604209002 0.1483548854932192 630 2
59.56538771736665 7.817884646830997 0.1720215885846113 893 1
52.450654184416344 70.8530150342938 0.09570558524678106 216 1
50.544667758404536 3.512687068971543 0.1861419362958439 981 11
87.05422047105533 31.75954993883241 0.036067326063727874 194 4
70.24246116613214 56.47379546584762 0.1561407188810633 341 8
71.92833308976834 82.70551369915263 0.17837080179488463 673 5
89.68107478871394 44.734377499994295 0.16973293183962895 617 11
56.65804407405092 67.82583232050612 0.10719074205246619 433 9
61.16552754539134 41.97067810427837 0.025126747861285357 470 3
36.558980228340644 61.06416772096415 0.09706263769206278 46 10
69.40001371423897 46.291071639803036 0.022631572073291764 955 2
26.88378960111475 23.907242894982318 0.0626159355623648 287 2
85.58450832919237 96.46646586482291 0.110956156317 213 1
0.49847962867783924 27.852814411477546 0.05350027501749008 618 8
18.67800366046899 16.144242217045456 0.18864376481359355 708 2
72.04018859320621 11.0998449621459 0.12055051659011347 191 7
54.80587454574169 48.59375978305251 0.01896122992774663 209 9
46.18471200839169 22.258217559118677 0.17355877426851168 294 5
36.742028625075505 48.82903708486344 0.05217634544050467 505 10
48.30537249491914 20.909889767686384 0.1013438132986694 444 6
89.21345865409191 8.61447107592892 0.03021068088777451 990 10
72.71831486768079 20.373182745398466 0.15649135121988567 547 7
26.97464844814147 22.924897604242645 0.048193640273085654 725 4
46.93490872146535 90.70259016946241 0.05904391788715009 517 8
66.02104195388625 70.51392033673423 0.13543303492583808 323 4
80.64543694490034 7.397395488856673 0.15602671938188079 690 4
69.25202947677504 34.214265649679184 0.11081857819586559 218 3
22.712597095406974 32.9745655938623 0.15157583799298366 814 4
28.580043706362012 85.12476968879248 0.05479421984873082 22 11
46.51882085109774 35.81819004110001 0.04174270932499183 625 3
91.36213846115464 63.66915165366962 0.029051437493168186 460 2
79.71333132103413 32.38839075031436 0.08664262857621469 151 5
45.8345333310741 58.304565793291104 0.13465146131773809 410 3
17.94484556692644 72.66723509521645 0.13304779540985945 28 5
20.406906596361296 8.590034741212193 0.16650095105740292 919 5
94.07879798472027 56.77546882009135 0.13889679308800335 430 3
42.41561814324418 72.68582439548825 0.18514355841505437 60 7
43.20542144014215 61.64096613214425 0.18299619853204155 221 8
96.34106565839765 18.063775816380634 0.0856452888439002 53 3
90.85791551801537 22.343626027138498 0.07048923733718004 191 11
82.50514772920087 3.3193230843922117 0.027470312154639506 625 3
15.884285150270971 1.306713503690582 0.15305871877464797 534 3
40.54727403665639 57.675147384064196 0.09787364857006459 801 10
54.82799888027865 84.41166523672415 0.01995738233861887 801 10
86.36831929329783 3.487734420677324 0.03766778723436221 625 4
21.0689046845032 21.136160091111066 0.1341277785576628 474 3
23.782158411924303 30.495760285400998 0.10121385029531096 600 6
0.2040985439959675 16.685618980349957 0.05041555441199397 715 5
84.21771833734691 13.542964298644499 0.10251291636557852 693 2
53.87903809627497 25.966480853826578 0.09320436974277287 557 9
18.086768496755777 69.37056287178585 0.07033792194028088 383 3
3.0385375520405433 10.451743715962557 0.043253204182721224 868 6
99.47553983235484 45.77694104819307 0.08658125227813905 287 1
85.41300590946743 81.2709838185786 0.07669377096423392 19 8
39.57850383809981 81.85903637344923 0.08656221860446317 515 3
49.24740335709066 57.48029832524433 0.03276336973307203 939 9
6.354788471198258 92.32849458801515 0.05791784139599334 319 6
92.15974645528823 68.43767669484383 0.03620130533840158 795 10
22.11313842226176 78.94112319201113 0.11983069725738335 987 10
97.94132315505831 89.15602797294568 0.021259201007100645 194 2
66.21101064109703 39.57800521764909 0.09947243936964702 280 11
31.795598285196224 38.520730029873974 0.12380737463128394 535 2
9.01997088476576 3.6285901382336783 0.12007962567696831 787 7
63.46426222795544 61.23580025915988 0.02176750122931001 368 6
41.92395026293509 36.08809438439488 0.07389630593736268 556 6
88.52758806982384 0.3904879558501273 0.09291319648977213 194 4
4.189570818772292 37.35669695868653 0.11052304665286788 433 4
92.68279372349362 93.37822009424454 0.04504257335255094 447 1
62.49340910207493 11.995649392323038 0.09785840518546551 243 3
32.035888585308925 74.22932406385868 0.15404086139058584 557 11
24.17819761437062 99.90555669830552 0.01732223502703133 960 8
25.463731955187676 35.92226218468897 0.04282956047715556 377 8
89.4932901517571 35.189903650904974 0.10580121414297955 572 6
42.573595500016594 45.532372753789176 0.1507486035380183 124 9
90.62532679085584 76.55042219798352 0.040446988471313755 569 9
6.558884046437818 35.7331465010425 0.10152644538080657 723 4
73.14375000913613 50.99965267298543 0.1252233647643988 511 7
22.761428631859594 51.60588075772022 0.14531867479083785 855 10
25.92687688619528 55.073698594555 0.11844658576596093 460 8
26.01420259541274 89.99119959941774 0.07011489229803639 961 9
91.84624511279556 23.072171178832612 0.04987109526286084 771 10
82.60985242836205 9.103729074634126 0.06169618579118209 304 11
49.785682620183735 21.990652794953036 0.055545079928338355 772 4
51.6074590483334 47.001010999853285 0.06465423164474816 986 10
23.197338058629345 40.708252304991376 0.100006068056044 910 6
65.28711260713177 83.75347565851689 0.16409885218768822 938 1
68.3130907518558 66.45948438757365 0.0664424238567577 480 4
69.12163159690914 61.54181979303392 0.019877674600593382 304 10
77.42811461464777 14.998113097316901 0.15453484001599627 167 8
64.13959974693184 59.085213836045426 0.09531648806070736 15 9
6.5509008213040065 56.09869247349314 0.1382035829884503 893 1
0.8738189822873665 17.68298431708637 0.031195220810767796 62 7
77.79307861831452 21.684599017624272 0.061501269085861045 275 2
76.10405079940925 71.50451523481159 0.014294248687297414 680 10
29.71856621584784 85.88173812455884 0.12219729719969262 941 5
72.60673244753892 47.04088800214619 0.16991655597593727 766 10
37.942772759654396 30.21062901121969 0.08843451982723632 316 1
76.2567828419372 59.09920138636002 0.10684603915322251 409 5
58.71610731621792 55.790000400775256 0.10298552253305528 547 9
36.42768196659881 66.564429417097 0.028514277111915343 616 2
73.06112767328455 95.0010367845048 0.0752842346498607 472 3
64.9064804807915 56.814752728257524 0.025450970079804416 886 8
96.9580061799356 62.179178007946014 0.15081596831930386 870 1
10.866399035895569 38.03702130831385 0.14382858382726474 559 11
64.49448036979896 26.17611636912136 0.13482762168731494 153 7
9.380830401688367 35.131793979764595 0.1693057267211724 676 1
7.760941268102317 73.71538447537216 0.04560820665789943 834 3
54.97249709685137 87.03781057512317 0.08425461130293274 147 1
99.65875786490041 87.42945312795315 0.04252654007946286 750 1
67.96349306360614 68.17217156932773 0.034021965459252596 889 3
1.710177526776191 46.95792621591733 0.09209386126671489 171 7
78.2277129863238 51.088781608381076 0.19505874324568548 501 10
59.925298588682566 71.69874540677606 0.036770218785463514 508 7
66.2051674799428 51.41627674547651 0.03547734688570594 992 5
23.93760620263604 32.65312765059485 0.16520883576910353 95 11
33.55629397942802 52.277091762482655 0.11341098676848438 659 1
28.398945524497066 16.79281197845145 0.08576681198702421 460 1
51.00651328023489 14.076205098077011 0.1777598909463026 871 8
78.11067381989395 57.644699572028976 0.059470920578231494 577 7
67.06603466559024 99.33560232913523 0.05345279713030154 879 3
79.4931855593003 29.316505680815297 0.09951736395467611 600 1
51.241556411462184 59.846638532359606 0.03896228226536973 926 7
48.499042861836514 90.78741610505028 0.10375117268331677 923 4
30.7943174581928 44.308915160263986 0.16620231804148075 543 6
63.66500423672483 37.20890649742533 0.11582706678187059 127 5
21.10390809252869 98.45870128422722 0.03713224526732419 502 11
80.43543870744986 90.62336677202218 0.13032706351151593 199 8
29.07250931963572 20.008363193945033 0.010805464788324774 652 9
29.87012338543229 73.36414016618814 0.061546813603373114 101 10
48.04366369969636 84.07721242021688 0.09790563534365392 482 6
62.08985413021657 17.301054876585543 0.151499098843861 91 5
96.9689717036593 12.653715240028829 0.08387425019198626 224 1
52.86400073456361 79.15888694488805 0.1625947039172546 339 6
55.74528261361154 59.348031362977174 0.15952021790976934 739 6
57.67713318382185 46.559393960603366 0.05214752483794655 617 10
99.83899651246254 11.868249590009839 0.05710329590073559 57 8
82.96060268416309 50.362473534768334 0.1786505132984162 276 10
35.570149428143125 50.29165550726222 0.1652993333035467 674 10
18.640305491839815 68.68507277232132 0.18305651013505755 429 3
24.716870178933437 65.34637303895441 0.09978906803572615 179 6
46.907236258053246 86.95691641800728 0.11627280687579257 926 1
58.12558310829975 18.064700073234754 0.015838739310100637 865 2
52.230050409465655 28.908165648845785 0.039921798947814335 737 8
42.08645921860935 30.790031868170775 0.06858400209427644 896 6
30.081962909419435 75.22195836760112 0.016557086823719785 118 3
34.92099072400393 24.086091119015684 0.17952379392508389 846 11
55.626599365668504 52.1211106014251 0.1517315348611571 271 10
99.65964179251297 83.30300729337922 0.12337042904625833 251 8
95.03852253868185 83.13294907078158 0.17599980657350225 602 11
28.12515440621678 63.04096623103867 0.15622656790406927 893 3
60.289500472798295 70.67348127571567 0.024379908377159858 566 2
59.020787991155665 38.61255077608977 0.11161360113211252 79 6
95.0362247131451 58.47708725759164 0.16552210237430626 958 10
85.57497684070532 88.5548320005279 0.05860998262015188 517 7
19.071637464410397 91.31306845610577 0.04898188764696399 353 2
23.74483661954635 42.304754198495246 0.18964016627261035 763 8
53.648271997459794 22.775603945991552 0.05893436844296802 439 1
38.96401180935403 77.84842807809551 0.18926393262280936 145 2
49.17037574125591 66.65633583594284 0.026350066538086678 222 8
2.7400191364686743 46.54441739919907 0.058029132680753 810 8
41.8753791341196 0.41836413191215227 0.09584228308557002 252 9
41.93445761624618 18.912647301913065 0.027448680227170084 540 5
47.813037686348835 18.862490756782247 0.03783392088665126 651 1
85.54990569751571 58.38174306725538 0.184478827839406 515 7
45.1992101217949 49.60424853285252 0.13832933259057165 364 8
87.51050736851124 96.1452222225849 0.09025758519976741 664 9
68.00082771303633 67.00888420363644 0.10211432274884494 842 9
85.87746753521907 92.73378387186338 0.06639579639977757 452 5
79.21263704659776 3.234857779672773 0.028337765992885358 282 8
87.19129501626766 10.02160760231714 0.10063906003637334 951 4
15.21252471149137 26.911251569664408 0.04213045316815443 179 3
89.39785727354162 83.4170841266615 0.1951972092064146 321 6
18.17455273608872 85.26110508693934 0.021215882589843554 646 2
59.71609530613014 54.924022011055406 0.13443789663646202 183 6
86.5674410150724 73.48454443201902 0.02984740636512779 658 10
19.034369317283172 49.233803955183355 0.07096267810828596 542 7
67.7805934592996 88.62083540866887 0.09497054559011338 813 7
55.47053732506111 62.33061178864848 0.07714461130913977 884 2
69.1104998686327 72.29131047057467 0.11536602007978454 92 10
85.80717831732188 67.81978688053222 0.062223744186725785 36 2
58.87935146479111 23.76858740730191 0.06546267457184726 946 2
40.08947498086888 72.37300406612985 0.012221538272546767 96 7
19.160910096272822 75.32308158420075 0.15970115542483782 915 7
71.18977498004551 18.770300438010057 0.020393582273846512 468 5
17.71767198595612 52.90960688077444 0.05675406080924383 444 10
55.618149856722496 84.97512089152995 0.028224268348877368 535 10
39.82444609869085 96.22134753373152 0.06218323703618526 421 11
92.83491999033228 15.060787568564383 0.05105726982820834 418 11
34.2061737410451 32.37382940121959 0.14823148684134785 69 4
1.8908796366706393 58.7033291313671 0.1039976242620065 659 3
34.95063182118632 90.72373275067528 0.14275710859443722 888 3
5.0465273087660245 96.34651873117855 0.1895812614567963 28 10
51.261212889146755 7.221570069096095 0.13729072119314442 490 5
18.796247189769343 98.58686829601952 0.04888369675224705 956 1
43.6444808616114 79.59736510165023 0.04799131227202951 315 1
55.6023386835411 87.47331436589467 0.12553461867066046 612 10
10.547214954969741 40.367572988105984 0.14947703085244615 605 7
59.32771617301188 52.655500537468434 0.13531020940055732 446 7
76.94297075482484 82.30203565046268 0.10535369077060158 11 10
79.36712521179133 10.577181978661365 0.1901267644563951 337 6
52.696742558471755 73.51742608171212 0.1307359747219661 697 11
6.105542500022354 75.19356484172263 0.11825958957494684 162 1
2.220697037813979 1.6331120878439354 0.012419252775229544 406 8
56.03153645208393 58.603850624064336 0.06651438138553799 669 8
8.700225172131859 21.58634773355671 0.12916363276429085 911 1
99.71148199513445 68.30717476725677 0.10851788929437954 277 7
96.81571174565065 91.78088822971036 0.1410128249746711 653 11
7.295973505234022 17.281797467343786 0.15935043143162522 722 5
14.458089305085098 90.66201180922884 0.1996172962710741 807 6
79.5412174209557 39.105761678621576 0.03356604234091539 808 5
24.284255914794116 84.41820030876976 0.05041847547263833 736 4
97.5965658138275 17.53110465239637 0.05212012965689313 985 5
71.41258068048346 10.65852909534396 0.015577245958290725 125 4
29.392241159681053 28.349928599808816 0.1543366848954965 205 5
74.3471846620842 19.983712853843162 0.17851090759756894 952 1
65.65964226006496 78.20498707955966 0.09296965830080628 507 7
51.315813324993684 15.228709444060328 0.07208321724775463 354 7
56.697493440582434 24.07476674765845 0.038710480161495496 636 2
50.50526940007673 36.57375640315068 0.12988369721707588 29 6
96.87313164835142 97.10216370857108 0.021541016879753346 455 3
84.38877054247605 80.57729971628525 0.16037618486929112 45 7
46.832557756184926 81.94031863674775 0.06736646947725292 13 2
95.49600691448333 17.536415756026237 0.10477814735747382 909 11
22.869793451319097 91.98696512261677 0.16427255482964725 925 10
0.10255804562068205 87.26146456158268 0.12509555329346028 650 8
6.469200655025109 17.969059431722435 0.09509789457742955 321 8
27.22802325364856 20.87651845137858 0.16704413834733142 792 5
56.40650511929427 20.415525082663 0.04692811544911714 994 7
65.70290872412242 16.786042128456646 0.044691873511624236 64 4
24.551249985820267 23.125910298587648 0.12258356709591033 845 9
66.05234194295386 18.68961014391487 0.19256486042184687 915 8
39.476748426689056 40.739420783918504 0.05180060930477735 438 2
48.519779671935645 18.550277182733275 0.012445616116629837 640 7
10.585637033999895 81.09480115742181 0.14384297424208922 978 3
66.47437541073397 79.12668505461585 0.1524978074638067 778 3
71.93684276671955 15.123788845961805 0.06352305371331983 202 5
55.05914603319919 90.26850717550205 0.04728370262201387 272 3
29.38788276558887 54.06673022219074 0.09832632786443216 688 5
79.79985150621093 41.48758160245261 0.09167376063534756 828 1
74.27846111962403 60.450161550568495 0.1286698984376778 551 11
86.13548060287413 54.95267911237022 0.012388987875287371 596 8
60.31179695820163 18.055115122983157 0.184057114596508 269 2
77.77004418742607 74.2897622377443 0.1431011680387494 266 7
71.51436217509074 70.99730053127536 0.11940228206428849 347 9
51.23716622894868 15.997626316189828 0.03675232028189008 321 7
2.111966038033619 6.360300131616004 0.07254452751159515 634 10
84.71102113090184 98.46614362392353 0.013167431902819401 905 4
47.08934022131574 64.44823901223369 0.021120866078981757 28 2
68.39440123303164 35.11510735349874 0.16115915295407124 993 6
67.4950359980008 98.87213950610995 0.0351955813934715 211 11
1.8855425543427229 4.57785828603019 0.08450174482458923 840 1
96.14346984698165 73.09989299823313 0.029917796695752848 784 6
37.02315780635562 76.58979048568114 0.19539258919083294 535 2
27.541003414416387 85.12804997746748 0.08463110996528066 607 9
94.71290178288746 74.4333151791202 0.08594619848192778 262 8
36.68325287387698 71.14381272587661 0.010461965690451469 276 11
18.17643127652111 73.97518123701627 0.032923318948845655 862 6
11.354651152895489 2.1484258339552365 0.0906686901169117 402 9
11.797288336591604 49.335681502030525 0.10330644369327618 846 4
11.411751212031362 39.75970446305534 0.02621747642431521 432 2
80.47651465007142 98.55004163562707 0.12830503876503815 666 8
8.084984964174712 48.067911334911365 0.14595397189415565 270 6
86.63195518682937 50.52830362428874 0.08000138951443188 443 3
69.54074180302241 45.75128778141306 0.18461153014688522 189 10
45.12808369736806 38.28834023633371 0.05888844424907354 158 1
52.47258380341876 89.19698964691084 0.08496733648538055 186 5
0.9417136798583248 80.50477512187913 0.09977569356454469 924 8
2.1219165030555764 4.4302217421349095 0.09940217602289936 103 6
85.37702928855182 21.058940685469263 0.04217751292367775 800 6
66.68701543547988 82.6960639341494 0.14614627242017472 278 9
85.7506788916717 7.139916242477939 0.19363587984240305 242 10
20.181253546766655 82.49603044943981 0.08456040447327198 943 10
26.08419040605253 30.364683082937315 0.027296157824612706 595 4
65.77994079602655 1.9369158705439093 0.19222084301770967 405 2
66.86689440756669 60.58537732652272 0.014211246483215298 698 7
54.47365411054501 95.70258065506674 0.17064623204879484 35 1
23.63886609953605 96.10390495586081 0.06669459210417823 808 2
67.7736992138078 75.51376889873383 0.06803841537554545 418 3
74.95211453801508 63.59212629286276 0.013437008054507598 718 2
29.064596224246465 85.6262594934438 0.1695405238418142 659 4
52.144580128925085 80.87341950832725 0.1331214881742661 801 11
43.861128818337946 38.71771623104892 0.16670453403180943 660 5
5.067916868077271 12.662104424036025 0.03343976250653741 650 10
62.713428957803195 29.777043616443944 0.05383647926087656 784 6
70.95872098977091 22.63272487240212 0.07994208359911036 78 3
96.25196608314029 93.78400483205492 0.18955311154833276 48 9
27.608990563340562 95.08372829135538 0.07860758998043436 877 5
19.933052851376566 25.991177774076068 0.10208969441008607 808 7
78.30866464330425 28.810247084266262 0.17501676434603614 235 2
47.42272698237097 20.364129936378582 0.04093262947387169 643 1
98.40504863786 48.35201805062789 0.1201658176367667 752 11
75.99903439629439 73.33070934259364 0.17766217213703114 220 10
48.426745027230126 38.34182520766108 0.13486134393654362 881 8
8.367744955795608 4.278585962741621 0.14525323971313744 801 10
58.156799738238284 57.33468573900101 0.16435625299967555 143 10
8.58683380512819 45.64896522981897 0.061114736301360606 609 2
8.986922525262509 53.919845202246066 0.08227023031381071 106 6
90.12558578713139 53.1984512854046 0.11250565378302846 990 5
95.30353479239302 48.31967564865045 0.13004719549274765 953 10
73.07442421890511 77.23088556506062 0.1460296184361308 224 9
16.6512318396429 66.74822475513874 0.1543335300246698 817 5
63.196512077886936 7.0571659158547355 0.12387206701272141 80 1
49.52679112846988 47.97720786728256 0.15939790501292317 191 4
33.817002542341136 42.78130827376197 0.04046280690371221 391 4
5.728794050459962 30.647391371377786 0.06738869857325765 186 11
59.42152129100844 98.84504896792625 0.19567227488079816 531 7
2.6278093583006146 63.83472061826792 0.1620314133114503 245 4
86.49915125666408 99.18877830136569 0.09855158699576387 22 8
45.7709094688746 47.889017309279346 0.1602345190091154 896 1
64.15849091640857 86.19077724393564 0.09609410104973574 703 10
63.24044352831362 69.69274002796804 0.05929966508113343 728 10
6.8593052476862315 32.17364079293742 0.062187402889430685 467 9
84.73497597606992 65.24323353437431 0.17128528230035212 928 1
30.683273294880475 78.32983397492804 0.034231829150403716 462 9
70.81851627927439 86.2095758499359 0.1970141940513319 597 8
99.32379096076234 94.35012117958391 0.0398563159564467 221 9
60.58587486064469 79.02290295477273 0.18493743345208702 443 9
34.266772957641976 97.15270177108663 0.10015553493874685 272 10
62.04880506357746 42.224275416687085 0.011090343525137067 827 3
42.138945789123824 59.347530280222905 0.050553671494930515 130 8
70.32217005955845 3.791308049520137 0.10636211412604575 43 11
58.292438178105044 85.19742230378071 0.0665601782666053 32 1
97.08663223047513 26.274098852609907 0.13814148664873757 178 5
61.991224329331565 46.32161504483484 0.07731638832342407 948 6
75.21050483094133 99.85242108662547 0.060066200229526426 459 7
96.6617653505917 57.959863413573046 0.1278195585579318 606 4
93.74267816187655 54.301761822687475 0.1674553917699806 330 3
45.74316490238763 51.81518369400988 0.156762204031804 98 1
74.24869676160142 63.99385981218998 0.08921583650057265 635 5
81.78243768841865 80.63165977351304 0.1254120993285547 206 3
68.49980954061412 7.004509602234066 0.14175467546246792 605 7
75.71725828176493 99.48087669858528 0.11082679310996849 705 5
12.244652699692926 35.71202996597438 0.15339831466942339 910 3
20.078896269269343 33.52810951141072 0.02466311641068519 742 2
75.33938280645259 16.1726955309484 0.04585734413510512 289 2
9.660774247634773 32.71263051634239 0.17728081453808148 248 4
10.05103892182867 91.07738804427294 0.1940989119956062 528 6
15.385174372074284 74.62866672123673 0.17118970795313668 172 10
1.3719947277144096 28.250335757888344 0.010080883107849431 650 6
19.778352084558147 46.76241624915899 0.06825499411375494 235 5
81.67578413420904 9.63346034113407 0.18833490985575638 986 8
35.241285551398384 5.600543275948522 0.12429623965560037 89 2
92.15457489117371 12.604996639494992 0.1547198904366278 33 2
27.477294905613046 56.68477012369 0.03080705124796658 936 11
32.417324853639585 13.453977651130977 0.07171142452187564 686 4
18.639191641100993 78.9735217282209 0.06945067429339367 408 9
69.55571763000304 51.30375747767503 0.1213723419384992 601 5
23.52658710929655 45.81426015176759 0.19281544442915666 913 2
75.8720624930859 39.56736416042161 0.12932357059989122 407 8
42.15207309776397 49.215508830552956 0.017945847762595602 86 9
8.865077242898744 84.60895021630891 0.185867555322873 944 4
77.78416446563932 47.22343365525398 0.18043253776511872 657 7
83.67947431545367 7.94610752417737 0.16741504285118014 734 4
66.52719931510175 54.25779527979169 0.02649192254517288 362 6
11.764578096583056 8.363165447140231 0.174690808305909 565 5
33.80592638233448 48.71933214527155 0.12027451221943214 90 8
87.33569975331945 12.216337033775925 0.13145717349071193 999 7
6.554462307378717 15.039952236907828 0.11248099261783959 177 2
34.941227079792384 33.64879268349041 0.03959257939798285 610 1
66.15484227911895 26.700340385719922 0.11795264884999015 542 4
41.0731730796561 47.287598797629634 0.09067045725657182 760 4
39.63103754086374 78.40503682971519 0.039389022351565266 151 10
99.10736560235695 35.33257486850536 0.03031022609322364 131 4
89.61584838568102 59.411511133325504 0.05929614841535422 296 4
21.502775662786632 58.10145894902633 0.04834748435642924 905 10
74.96813481657692 49.26100154717794 0.010850846298474248 644 6
26.4164783672745 30.541818806059894 0.1449232250344246 898 2
27.612549733411285 62.7037965191083 0.1903825098334001 302 9
48.094433900565924 13.615411355646323 0.14944887580931646 317 2
92.50702041290741 6.1117883694842945 0.1729628820273315 361 3
11.609317260435681 94.92831957406912 0.0803777430171738 447 9
41.85858873535665 0.7421870679171327 0.03036743391215086 725 6
59.920367255816785 57.2064518624256 0.08057919069772991 125 7
0.8851961057733226 65.13172329389504 0.07503085628102908 998 7
56.15490384721399 48.984553612115235 0.12416244333231032 899 4
89.03250974759376 55.56947209633224 0.1733731946069441 691 2
39.39521389642178 74.38656079254781 0.07987239102896224 571 10
49.848426540572866 3.318852833598318 0.19368897923401615 68 5
4.475610227846605 78.98085242769761 0.14863300943504057 628 9
5.927921344588228 45.527333144535355 0.15117333318576712 245 1
55.14523055591659 22.956425786430223 0.06306024333189744 217 3
59.65691333243499 20.1954364185866 0.08238159822460525 84 6
93.29363402318909 15.188029295651761 0.1477881047623252 454 10
26.4912270355397 98.4897090678978 0.19534198429480995 979 11
93.49893104967661 0.4067936281222595 0.1017695392524327 852 1
51.425182491067964 92.00920280847512 0.05625344065541405 804 1
85.52140505995376 91.15123279038234 0.09041986708419307 782 1
53.06599796410138 49.8022796971638 0.0401070997247359 531 8
85.13524665795961 32.419868496859905 0.18402063125474144 866 6
25.896405935225943 95.24299837210287 0.021323350995267207 687 3
21.65711480025824 12.703056349604303 0.05252287069596928 634 3
94.12615750628115 13.642766213153001 0.1032417243281006 440 4
44.010033992013305 80.94403639786051 0.013258089679978342 711 6
60.173136269208605 98.51296877602323 0.19722908448591742 658 3
68.45646019259462 42.6175494867134 0.054930061967659684 449 4
75.3235921156053 82.873735888037 0.13981667399699785 833 8
40.126367703967055 75.42411868318361 0.1478179077140857 322 11
32.74139550930394 66.0301888483838 0.06526480929967043 676 11
43.85936045432857 15.676288082687606 0.043533590079476034 445 9
34.32568654364376 87.689316230659 0.11762860491756937 905 4
11.834470379935723 2.9032640787542863 0.03638853446548362 478 7
66.7276996004623 68.20514650043937 0.12163587177454568 342 11
68.85449716644135 68.2812838477663 0.1628478967313351 191 10
45.777343532300065 67.88497619452053 0.09455048567836878 128 6
55.572663562264225 80.5572612528688 0.15197951143659277 216 3
34.59357225444165 51.60166463190999 0.04020249073291075 131 11
97.74164665415486 16.54964821284758 0.14416087360352706 328 7
73.36572109493628 91.34046474029029 0.03964367498766301 937 3
34.037285618050475 60.771542834167725 0.1978744095092795 391 5
3.8839667999587713 82.17506021995015 0.09128592377763907 60 8
18.560018578311055 31.2057412229087 0.09068633312948124 449 4
54.17457243869157 75.68425950520735 0.02348093218458481 883 8
69.99035635236459 39.81045490767438 0.12491622046094644 843 2
29.34965935345979 88.76966155752532 0.196081493823894 79 10
32.78366632118791 37.29866061462476 0.06210855706415472 540 10
84.04718875249273 90.77630727809347 0.039811355334119024 52 11
91.34784662567347 16.30955597046333 0.16257906291647894 638 11
60.632326808139595 76.88047297282515 0.06895322988664661 690 4
89.71188499680113 18.599987675552043 0.07165838813354253 294 8
63.96942020799715 25.307004356656236 0.16941288173125005 407 6
62.7574208837152 58.17139010081749 0.07078330454114887 146 5
17.22899447115256 78.6012145211085 0.04085863599601033 653 1
37.764916734950894 86.77682882199737 0.17826769654160377 274 10
74.0363477300487 71.49868981875169 0.015391514571438093 966 9
47.6563392349591 61.300142806436895 0.03323474524574569 635 11
83.5147795055519 64.6891835337724 0.08946791805112086 463 10
26.119282379592036 98.40132485524877 0.1604439219369006 50 2
63.94573125043442 88.79203089940243 0.14854000453848404 625 3
58.717322663410165 27.572588229873663 0.17522545379934515 703 7
85.29993544608492 83.9784929345501 0.11211151927899207 509 11
34.68695429220955 56.5164784951209 0.10843455201134686 963 2
15.48980658615382 7.706236834479185 0.13177300403414555 458 8
41.00130143908183 49.555788516734175 0.13215548727339044 861 1
37.54633077415581 48.888512645921736 0.09296504692233942 405 10
75.105925539178 96.84340212368404 0.1033890138929973 969 10
5.611728037590202 82.41242550038444 0.14908681182174982 938 1
58.64902579183545 60.870051637891464 0.09076839579495254 830 1
17.11723488725757 62.29659095859997 0.17471858243288318 781 6
84.49213990506811 72.11579208904865 0.1636916432466808 744 7
53.246028440484785 65.13350273846068 0.05265299534011842 41 2
98.47303702107507 19.610367177716437 0.06553135965110228 895 5
75.93023687591014 11.937200680995941 0.13263982554186368 404 9
55.1096722137575 6.392832003159099 0.17834393956525485 946 7
40.24938121129682 63.22876162928106 0.025835630252382037 889 6
60.67158869900133 50.43672201645343 0.0991158878971511 866 2
49.59485496327656 91.00071782353264 0.17241641790184953 547 7
88.88728203233426 87.5451403963938 0.013766282275426565 380 8
89.847414645975 98.4646039977139 0.022713755810252905 593 5
3.856183892640086 88.32861404233799 0.18470828693027164 150 5
73.52824585568911 57.70424179011178 0.1860210556824062 73 6
40.84490727993625 39.70878267825191 0.02657034833388469 276 2
80.32671390884153 51.995141973214764 0.1266322936629111 112 10
34.05249624339136 77.70881021597748 0.06255923905496198 70 3
87.99101678946651 85.84305657402199 0.12381364146482693 354 10
29.489501332521016 34.77317899486509 0.02751370455463257 343 11
30.30231244275682 79.3168955134545 0.08543170985753765 572 3
36.500746398407166 69.03905748126711 0.10733518545747932 970 2
12.670365551729002 36.82028344896905 0.08915423920782672 29 10
78.18462874665151 96.34484408485939 0.14774756024603944 898 1
49.52008213127155 89.73007854416825 0.0318116779297497 899 1
7.145276250280608 31.899253658793114 0.0399610613835142 740 1
76.09841620834999 24.545958773874098 0.19655485039172876 839 10
29.705271108867816 33.570066394766584 0.035097992632855936 767 2
10.178376060433225 30.23460057498768 0.15186241108148726 858 7
35.91781374954592 58.90140304717632 0.1601775251539358 783 4
7.526076076298061 38.10932047816786 0.13542471506688744 529 1
96.43708554708657 67.37828036144367 0.05053904601561948 741 5
80.21152891842223 58.72946858128635 0.06941316387873629 669 4
23.90811263362467 76.2833228612274 0.01908918282238531 912 5
5.80359597981187 68.28882467667108 0.02191881903545997 398 1
77.6149623251671 75.97218301197586 0.11435867710021369 401 4
36.11682485730745 3.928112905064529 0.07927505308960425 202 9
87.22944099093628 18.625472947910193 0.15557555665262282 221 2
99.09339055459846 18.784699804823646 0.030650864318374195 156 1
95.03051693980191 67.56533254945738 0.05369368150479845 123 9
20.49772936904971 5.424479070667743 0.13043015188377993 482 9
14.288895551372294 82.31970345130468 0.11946428650637865 74 4
28.13052930955888 66.12086552112638 0.10600229266277819 253 1
18.313468290690803 91.23722588011195 0.012119395822527222 790 4
98.44121845611883 88.06438548401927 0.09617562689059707 270 4
35.83806739700622 8.164043333475856 0.11518616546446217 113 9
83.03567586260252 45.259493126682905 0.0900680886520856 303 6
92.37556311662304 98.3388283207299 0.0659873820418369 273 10
3.5155738060744235 58.04948191486196 0.18814154700197439 835 11
59.502927636581006 49.1542245529253 0.09655091316932633 821 2
87.82649539575297 42.90472678160041 0.11874237233898463 342 9
69.93609246718414 74.16503607105565 0.17095061182360682 727 11
26.67747121203554 38.76514872144077 0.18665125679732197 190 9
54.99903320528405 6.982961078825101 0.07689755820336121 888 10
74.13302871024263 42.48286324590516 0.09719121955008377 60 6
59.07784854469067 81.93631940468784 0.18918266221883723 641 11
77.30474381432101 20.480166578865976 0.056296383372627 15 6
42.813864245597685 31.413417551715295 0.07934281885157424 436 1
97.72212758287607 72.71012024505478 0.12631955245244436 88 8
21.948134243605878 42.762003944744755 0.1345103077661305 688 7
33.4731542923063 77.16642565238227 0.16645746352177931 46 7
20.050793512116407 36.24499028628102 0.07599458211180672 198 4
5.370429077556771 18.695571835165005 0.08851606132604704 968 7
19.489151700960605 73.03946423247505 0.027209656199061398 301 11
56.536041449718596 25.98960622628099 0.1512759595015028 170 2
13.621465877152605 60.01470196344347 0.091476993893959 562 2
54.5847212386341 14.91681385808784 0.06877207181099124 605 11
34.31820239631719 16.485687709047404 0.057381427399420266 147 4
91.54447322151196 94.92469143638246 0.049986855259439474 637 6
55.77317282670193 15.88529432829463 0.028203566856011567 922 10
68.99093334848925 40.094183988723955 0.03276730523463992 199 4
82.22749602359718 72.73554474413386 0.1228541384584333 285 8
43.76116484085143 30.07364130258301 0.12020754240845101 410 10
50.82102181911714 93.09396741425263 0.1601280072233978 755 6
2.536598440197313 78.35049731139637 0.10059451471002148 776 4
94.65175798866336 13.023235781745024 0.19012496306162105 723 1
66.18034088185831 28.37983774318442 0.07372604591493795 443 5
60.28503317309893 3.8483960131205808 0.08877874989982111 807 3
56.66481986432075 88.46572034815996 0.08839395452164817 748 2
57.11420287926996 45.787008263883365 0.15858884089645794 903 3
9.252825076239969 21.20880268605807 0.06973860437501873 625 2
55.08659564927172 41.66036639812523 0.06433150740195774 307 10
99.05480197641208 38.79008134302138 0.1882004316309006 233 7
80.3337318563394 29.51913304442456 0.18564943837154804 988 2
45.994420723972155 36.382082038032706 0.04134214055638134 815 3
99.90671764599588 93.97411007701348 0.0937308773655217 567 5
5.933785271723824 55.8655419994328 0.14990534939476616 549 1
97.06439814565479 80.69042192887022 0.13409362780059583 316 9
22.53394442368557 34.689312114838955 0.12437651663375442 261 11
54.2069278380545 68.56696901944342 0.09293320789665316 400 10
30.525039488376994 91.45660916846373 0.09503315043452533 824 3
46.84247544628185 61.69459055964438 0.05958368017044142 225 11
76.67196827739203 12.678640083211823 0.07060481326201097 488 10
93.12481028576349 51.67406465014388 0.06791026026048741 495 10
87.85943744646727 58.312613637093214 0.1475986060329039 410 2
76.33550002628182 69.41337973545771 0.01809064734612549 607 4
41.21095467504309 75.59746154031544 0.18880332767811253 877 10
10.382673880173698 61.450215593976 0.01531048663540447 730 7
60.092464876193375 78.42332422339639 0.08134346809996347 236 3
0.5968476140141177 53.5863902422697 0.028089105584807747 62 10
99.30522696970019 75.89488186520654 0.015289996224385172 282 5
58.19278646640068 84.08183666503555 0.06488382514820579 396 11
55.32371700623848 14.47181564031399 0.10294362631314334 63 7
32.713704699012105 74.93701839721163 0.14737667278568642 83 11
70.21872061177316 66.57198720911694 0.171139333974004 451 9
18.427842059822098 33.28405647133239 0.024076637844352003 886 5
94.97012085645129 92.90773507122758 0.026442760284837025 435 9
83.61110031605702 93.10557973146433 0.1917453321098458 480 5
14.914417424874483 91.65695553576812 0.08072079016148619 614 2
73.07076519915869 37.74817995554932 0.046867734376548335 658 7
22.787129110699944 6.7048749432123245 0.07806210299402781 636 3
4.308780016075797 97.23678549533629 0.12562735338916517 804 7
88.29384698751012 53.38446023803167 0.04539271422326178 680 9
76.22516452333953 84.68950653901585 0.014051900007019747 730 4
86.33753132178579 54.35305386207385 0.03140529714970245 51 6
42.39306232547888 21.430549514239527 0.1306050276235951 456 9
85.66338284801415 37.777179707186306 0.1007081032307513 229 4
6.753222234666135 88.93357115209436 0.17832126688429345 369 7
74.87114449885142 58.04491530250879 0.05216351348706276 889 3
76.55127489658219 39.84640077515771 0.09259732259438402 33 6
41.25543120740798 87.98569623695325 0.16901896414204298 41 5
84.3983558468698 36.434752964094585 0.13556057748448674 264 7
68.173052148906 90.05037640943083 0.19215444460283634 801 3
43.80903306063596 34.307037386984504 0.11236716475142777 448 2
74.34368482598143 13.765333168466775 0.056977018419036456 426 11
92.90205082654424 58.50082856515569 0.16337807313770408 37 9
54.10385726974689 80.03897091802929 0.0638051300359522 475 6
99.53790949629253 31.38547687385348 0.10946375429518557 730 1
31.77430821807208 14.413037849974797 0.14014250393459643 14 11
71.03277967305253 77.5898427791339 0.17949733119551609 390 4
14.089527780869016 21.62223140284779 0.014681095027858693 826 3
71.73158904391046 17.60658780961005 0.047981136790556794 224 9
89.76409730020369 11.372250095232772 0.16933374200346615 45 4
76.50475860642383 65.88826669740332 0.16114773306842634 725 10
39.428015330416756 48.295987494297336 0.19993636938825654 395 6
61.600345788878265 44.54465243939594 0.07730716980235612 643 3
43.09806197695423 88.24568037502914 0.028824352953600738 362 5
93.18913712697785 9.05805774372218 0.18954335561110544 379 3
38.87062003392753 7.711202016931296 0.1318656587646431 432 11
95.36225233011359 22.509477190205285 0.020852420841332903 420 5
49.96327885170587 46.877619755097165 0.10022325338911145 89 10
94.52341421410738 64.47218315363791 0.19707689180035867 523 6
16.83837702217844 27.856573959279963 0.1080518461527198 446 1
69.79104301643717 44.29596424401551 0.09579662826833542 666 7
1.7765413131899943 4.595226917274164 0.029885300626208755 557 2
1.1083191928995761 37.50809684853398 0.06600776881131705 329 4
83.52087510910738 60.12972669146257 0.09549240384720627 206 5
61.27265653467743 77.13702439823534 0.01563846597146154 366 1
61.18556244360771 62.63147509939966 0.1748641574963645 927 5
98.27579059261838 65.44908602078331 0.016237579117811214 71 7
92.49646226239118 27.523244674512004 0.18510587158720695 226 10
77.2528684304486 28.99218963050152 0.038155253011127946 504 6
51.031914365423184 92.6212559367596 0.11260523725092397 962 2
24.757943750129186 63.28878852371239 0.15932311441651564 986 10
10.783927242705493 42.5032988826441 0.11864496865500607 178 9
34.45600806168879 15.765496902258857 0.029814993104458044 319 9
33.18867464727872 76.04606591902066 0.08851316044431545 758 8
40.74246679161438 20.75767387676677 0.07440617227990069 50 10
71.64314937557997 5.715799228213592 0.19749557130427844 882 7
10.43415005389895 65.27759643907464 0.145493093834374 109 11
57.45920568092839 75.06034798421105 0.10672994994592665 716 6
35.57155795213228 37.08801884283084 0.16837005628892598 51 7
3.7510324642643034 86.88741398225581 0.1441054912874363 657 10
69.13744476410109 90.7201529481533 0.08551247463182662 930 10
67.70286110390533 14.972864410637388 0.13095913965257816 75 1
41.26466268769935 67.9770785526411 0.016083759332552256 488 7
66.35056324966192 13.200989089676607 0.14692231128907762 423 11
61.83944759257896 3.708806658598718 0.18484278520465644 965 1
63.387005094999274 6.020196142206268 0.07725972054947856 787 1
41.68253513748851 83.43344179510646 0.02297784419906827 650 2
66.96266544240508 18.977005799916324 0.02663562246371471 613 2
47.90409025662803 35.21995381918606 0.042765419622521686 329 5
33.55474400768128 80.31569208784998 0.07711172371681116 883 9
26.980408731993 13.551014905342084 0.17178744532402704 881 2
62.77338745991552 25.773237343565224 0.02002575626203263 237 5
31.739408387476132 65.61354060349852 0.042165568194334854 343 3
56.66794140862489 12.569562284596325 0.1751082670109541 568 3
96.93030968038376 65.56830087016614 0.05798551421627762 782 11
64.77594398808702 81.61100768235525 0.047272799003667 735 3
11.577003718897549 40.107264747542295 0.10070004608124779 484 8
29.982004243830207 11.725360025709863 0.03016821363611119 999 6
26.59376000167648 98.53984863079465 0.02606240304482925 924 4
66.91686821013424 57.12483447584358 0.1986822665360472 815 9
38.36810384355227 55.99462247593669 0.1464088002476198 318 7
32.55576716365051 67.39054375400639 0.03937033775916831 102 1
94.86761315313818 33.037670089068094 0.16285797087058163 517 8
94.34235118761802 1.6862321063327967 0.11312890513168225 139 10
67.08484389517434 30.86944527899391 0.1911501230418289 772 9
42.15573197925014 91.44039305069622 0.18218878198956676 596 8
44.49438653125329 62.4752947520071 0.030958820512489424 908 8
75.68618360337891 27.560636582179487 0.07632849137151768 682 8
9.238188769915013 79.87943116089502 0.14102510458983444 650 1
59.66601863635045 83.81739300159222 0.12167160967035066 170 1
95.1593810475383 81.48828641792845 0.01680854243577651 279 11
46.89172886370917 78.83500956548755 0.13764406153968303 570 1
28.356937288568062 92.28392000346474 0.16136721366363038 559 11
69.17565799440412 60.593119649180736 0.10421452147457773 606 5
20.578528359231086 45.42328560718381 0.029386923455103582 941 9
83.41767858482162 99.08836894602827 0.08484377740365266 265 11
65.08678028009469 96.97826563341073 0.032915948432165394 841 5
28.278786377975884 55.410910408023895 0.018938469092379624 427 4
58.11235032202418 44.675013092786074 0.0942820464169987 943 9
97.97422847852306 17.525815832250093 0.11532564208328591 405 2
19.486602752434035 6.387480248098843 0.02329497883694357 149 2
98.66388315226425 46.86883325371615 0.12779260791424746 874 10
99.54070991392139 19.983028408005953 0.09806031726909502 809 4
48.847255774074526 72.09389041391299 0.062473568434824565 920 6
60.34890658651734 15.842650948045044 0.16694554875330778 311 11
9.646988661153099 6.486060358434331 0.10046267917583704 393 5
3.756651065772232 35.49960103740815 0.04472480611301165 771 11
35.837107809260935 86.95581705308084 0.18259415149994615 903 5
5.242005182728304 29.511122650551215 0.04487650400058259 713 10
22.096978595119243 79.04750456370144 0.15096908046096005 198 9
60.49120792431355 65.59132371918255 0.12381723173840221 153 6
70.11367967531177 8.038029494011134 0.14826315564085604 604 3
88.01782433279088 40.98162372716897 0.16661186871454414 793 3
18.309847524275035 88.99354897111083 0.056738430028546206 215 1
48.78598552122625 79.93508829612364 0.1890047126882383 945 11
3.0964575818736684 84.62568770488936 0.0864538683651314 180 10
61.665883308357735 53.6865119227555 0.11036140255234593 262 6
86.03295667963826 65.93623804674176 0.1561037620786769 691 6
74.45133827317981 16.900640868448857 0.029102300350986675 296 5
16.974472923954732 4.803736702964834 0.09176944765038077 859 4
5.919287367538805 91.29206357645404 0.10647731373398854 204 9
1.0161424786927609 32.575462538248836 0.15529973147002685 334 6
22.570691981459344 52.269854595452536 0.06733918925123376 338 3
40.25176338166 11.166148333907422 0.08849761431298514 671 3
6.448258272991514 3.3117210646275375 0.03854788646815423 392 8
79.14280125808034 20.682195570657747 0.13153883187763424 662 10
96.51586183874748 78.65710879474493 0.050831112885545475 875 3
47.56414121757546 17.24568192109227 0.10324772606183573 23 6
85.45919601415504 68.07987190595843 0.06716602205898085 603 9
53.62296092911555 36.80777670443348 0.19722868680350975 543 9
51.030548529789 96.99466525961307 0.02783492580718562 482 11
52.7784893867136 71.3313210608153 0.08857658099858404 278 7
62.83296442899447 17.518325398235547 0.11457723133571625 158 8
83.9458031279537 9.14983196057042 0.06115939862851925 90 4
23.999643918486726 29.14958190697866 0.11629557189457622 434 4
0.7790730039369365 97.7017391914945 0.017699129860562216 603 4
72.16751393115 42.95015969210652 0.19853822099518564 56 8
46.80806894348254 99.53963646882174 0.08949741615502094 948 2
14.691193595540463 12.4566493206141 0.022177779152821594 63 2
28.78725704940375 93.9392323787671 0.08157419037482407 574 7
59.42666031479694 99.90418497891915 0.05937184863839559 879 4
83.91905743448962 94.7120127927562 0.08922230651387333 175 3
16.537616468609574 76.46124510705907 0.011070980769659965 891 11
75.57747748938476 92.691813917357 0.11434426024481427 864 2
24.220668517020517 0.05007959747351798 0.07166147361061666 889 7
1.4537250686033398 26.292843258018983 0.016132867923699792 694 6
32.431156172168244 65.82217296939449 0.06987124881315135 807 3
55.54097119404264 36.78307493846466 0.11433460808181402 286 5
21.695745454908387 75.29410944392615 0.06578796726238219 515 7
79.28053981243096 72.46676692743225 0.18821672919475146 83 8
88.52622108530075 81.6752159113368 0.05534528101769191 614 8
38.96033922682612 59.397619875715435 0.17980058764439003 645 1
96.80776064029719 52.94022349297899 0.015428977999084763 1001 9
47.909099168655146 30.90145021647528 0.08470965383605465 217 2
94.72735917759745 3.6022769416278577 0.09503419289533219 136 8
22.58053461430548 98.40223854696266 0.053183780198422875 770 11
85.06617755971799 73.31001103371982 0.06404401011217814 387 6
4.586642289192522 80.14339018680133 0.10522258676622617 750 9
75.21663265184375 62.03364546562429 0.038074453023991615 930 7
67.51519723479737 85.39578300952219 0.054502396511954994 619 4
93.72434920592664 73.10197345326355 0.10664934578592376 357 3
26.957605707474606 91.1078363630517 0.13424790296154296 609 3
52.20773724748441 42.53349684264205 0.11573149895402461 486 1
24.412072001949202 88.71961065555142 0.08335087038447374 122 1
74.66930715785819 2.375970894621049 0.10238368001478199 48 7
74.20207900800298 44.50921620727908 0.09990195458995939 108 10
54.355434339963125 64.54552409472669 0.1369874971741978 537 8
3.4641355516169536 29.05407661598779 0.10450010505522653 815 3
44.46798819088351 29.007164722570888 0.07475906205707716 806 6
84.32053757636453 78.21785759974607 0.036513745024472445 731 4
28.08731739567817 24.141954486308048 0.11883463215933716 668 7
81.61391420772765 37.504905349321874 0.03677387793538742 176 9
19.09502796650945 85.74036077456536 0.1369018636535258 986 3
10.2172961123011 43.30513555942724 0.02837905035451392 742 10
43.120512230627284 15.730670274158964 0.06723585561161846 827 8
16.729014796461893 13.456267948100864 0.13173213491964936 461 10
72.44553998004429 5.250614241362072 0.16683028394511693 409 3
87.8868479599635 64.32438824747122 0.11492323365956969 12 9
35.01934906182059 14.646914471031913 0.12151679008932431 551 5
73.15281260615882 70.44263535660498 0.11272874297356397 262 4
35.32751283191856 23.2590699640022 0.10186446984089738 960 5
52.89258368233528 9.500234254050788 0.07296630356655275 397 3
72.43194846542151 60.34545058494889 0.02026214405468741 167 2
21.412302101622803 63.64976249553386 0.06269016401253509 266 11
76.29831637447515 49.50238249236564 0.19186804397330623 683 10
92.52402031243473 78.34545863725522 0.15631517986209073 410 10
78.0301860019223 82.4980890612716 0.07134511297031199 220 6
76.67655195698133 74.02329534190156 0.0758856412720856 228 9
9.40833737638509 78.62442680432389 0.02215803053644208 477 11
10.9526234627067 57.79540703287341 0.17517502683378625 199 8
46.397562452505895 16.064947812005137 0.10490077131141926 435 4
49.431076494210046 34.72642173293099 0.14049307146753387 238 11
31.92275556122508 17.672449650723888 0.17468301745583373 965 10
17.250780308071345 49.81350710283149 0.11026863395364846 428 7
54.12970071615818 81.31505859911138 0.02240047323691146 927 10
45.20387940328291 89.45903999576902 0.19991172526311773 959 9
58.79191730117084 43.73155441547836 0.07680205709525192 94 5
36.111223692958426 94.3366845623052 0.12328514616818458 249 7
92.40779732420592 0.8822913916775477 0.08330199997224257 741 5
4.247008381593831 61.125756869400625 0.11109719512243477 978 10
63.6598541294332 27.619545409122882 0.026941209065796168 550 2
19.20031897920311 57.30408021713514 0.19054356814028256 802 9
57.535364498331944 72.69097390294328 0.13867590501672553 699 6
74.80636735135991 61.84836609990384 0.18475640189400114 481 4
49.244384315735466 15.252065509736124 0.08347087827588164 312 11
11.736049638500557 30.688333199360606 0.08806403802666254 975 1
60.390781562584706 54.530519930730684 0.1760703257166971 284 9
9.4549014664 11.087100928144288 0.19327406552552853 111 6
3.1667952911219266 0.10755440846887954 0.02018465187778247 706 6
92.38319765318252 10.4877728024388 0.13041697636716254 834 4
47.79698304524992 94.62573627369596 0.13637913360030998 391 5
35.79513375705591 63.50542098364998 0.10186182223184362 162 9
76.84467060915446 48.98565218103713 0.09796545197164987 134 4
1.6785159801188887 15.857038751667085 0.17640480008400045 64 1
28.133338493204295 65.47444926400907 0.1431301514285627 843 1
82.07388926862701 52.841650791184136 0.1193854205774377 923 6
26.13887464918674 48.55700738308067 0.06538157422626314 333 7
7.277462670219192 87.33961127233977 0.044585753644472335 286 11
95.28166956243658 94.78535983130348 0.0816656688857353 411 6
31.908544152866124 91.35603617563696 0.08641128460699772 409 11
93.65434925059837 4.834769631031765 0.19525255134798664 881 1
99.98109065338667 48.51057674799516 0.053386108080215613 310 9
13.79636267697364 94.33715853193274 0.17505118064567388 877 2
89.71011000713195 91.26440455272235 0.10424013380846904 465 5
79.56004889585974 28.875001373829136 0.1422036545539302 793 3
99.99250897852339 95.27435986291212 0.07244000163225063 543 9
27.75570284854989 74.7994706324956 0.08893574291502851 514 5
26.51871771137857 63.124504273659944 0.14553690698043473 375 7
34.76324819244029 29.832133718776277 0.07467850120379618 349 4
85.1959130662871 5.394486325623404 0.021827407014158515 619 6
20.683893590841972 85.29600075874927 0.12219109413587458 39 2
97.3128208989621 17.83359916550863 0.040534769419249904 269 3
72.0667176381971 68.27936944634637 0.07714072323168439 642 8
62.16200552272777 15.02503300795015 0.11071241736176937 371 5
56.056471125826526 46.36325207561678 0.1987470760760797 471 6
37.483769965972115 51.86288222175748 0.018982412980861795 707 7
18.874278582679672 63.35917922968911 0.16701045998399533 751 2
30.59458559906657 56.12789142056417 0.06376744650583344 202 8
91.99459712222485 80.13258693344984 0.07187646052054641 713 5
9.06927537454525 54.40305983157169 0.05484929074708792 36 8
73.71651453548883 12.930318538731921 0.09732614801955283 607 9
17.790368610438602 83.67468351855504 0.12461119106704552 62 10
26.842434718576758 40.53188397669001 0.03828335489082454 912 2
38.44619898758217 42.64736627136423 0.026499943307526114 372 9
44.3125853177076 75.05514993653871 0.10770111327496301 57 10
11.596882535309394 3.6089228060844802 0.12664732003309084 342 7
47.16634646144345 55.20002226326323 0.1732859322542429 136 7
50.792192120182435 30.911867113585643 0.06581540808079205 553 11
90.24427682786119 35.639121089907114 0.05361607744546368 520 2
37.29126204113572 39.892970964825935 0.16183196320828402 433 9
73.84177396274147 41.35020242448949 0.19381238794955344 375 11
43.638696616098294 87.21073481913568 0.024225625104368362 290 6
44.084449487206456 19.9653587753985 0.03771998815160576 101 8
81.93767317153561 34.68201546150739 0.16975113379974816 813 7
56.84068036318074 54.74899764774225 0.04668284090605706 673 8
16.19987806098625 64.76334511625964 0.0910459041768922 524 8
6.284807448100549 41.18044504890883 0.1118764476232599 875 10
45.622763848198055 64.72410655957407 0.08017512748377983 459 7
40.8224829473249 34.294725645600046 0.06744291655497421 653 3
89.69503667042423 36.037602880984046 0.14058215967599566 720 7
58.54568221476003 6.309791947699084 0.1428784253368992 531 5
98.60902486578574 63.38814492075531 0.16795723308103774 219 10
59.96480804009613 16.669141629563455 0.10038215042496078 525 5
84.81125014266144 92.47562465067166 0.16332158137147793 471 3
4.244653138598031 89.31121578055273 0.04444830600055174 286 6
11.17832195328049 31.966684619086838 0.05848788882488322 63 10
11.700445567327334 25.04584836412651 0.19985619662559467 683 8
46.01393053853802 74.97755998785527 0.02070336016405283 909 5
98.72759578658051 18.704832407292017 0.06095997572979591 860 2
88.60229456670497 28.465860636107664 0.1592240259634216 28 8
86.63472135023696 76.73615932538223 0.15798876241851104 792 3
11.899909833106948 22.42878405360822 0.1987941157420125 72 11
87.20243712802285 50.32396688308284 0.1432981902075806 713 11
58.766037667787764 46.21270224712829 0.17672573708652256 572 4
84.92973450949388 20.11007849934987 0.16744573506904828 592 10
85.66243049653883 85.51179058220174 0.08952214093598179 325 10
83.89301584809984 41.28150867678371 0.14488472140673977 374 2
35.67517672671511 33.61009526525739 0.029891359955265415 464 3
98.45174105114086 55.063626398042544 0.15279608743901552 252 3
52.19896889076552 46.761800847565596 0.09232091509937795 830 3
54.846825823385906 79.24679155199203 0.138111546720469 771 5
30.531363566382563 86.57731803791519 0.16015561276261694 671 8
60.775022864554586 29.30651178560817 0.014973968204073774 257 1
11.85773691531663 64.46339786691333 0.16502127797730567 322 3
27.89092877174233 49.45728044115426 0.19747544592589786 813 10
9.471060375701635 34.264025873742966 0.1608622211420698 190 5
88.64414859064624 59.14354364775624 0.0905653439823343 601 9
64.28103780152057 35.7818432102526 0.14036479367620044 334 9
23.580743601597543 64.03939634022466 0.036565855890760814 817 6
83.29332385752254 33.40041870477437 0.08562733196539442 448 10
25.726996058743868 94.62891120294763 0.0889224123536211 330 1
20.65164327526803 96.07549124671002 0.16398273110454784 550 2
81.04091577824867 60.595853312921975 0.04864855329530373 440 6
26.351854818311615 13.286752206427188 0.07669386701520539 834 2
56.51122631069947 75.40771634211545 0.1261824308133887 404 9
7.762662007112597 65.89660191269556 0.0643872439932027 949 6
72.4158814461756 52.78325419821267 0.08200707657571013 356 9
39.9756974402441 10.08188831804462 0.16246978134029372 532 1
84.61572248292217 14.416605303151542 0.1420181576024976 606 10
3.8666166053528794 56.21765532504054 0.0754374407030874 819 7
41.321081479839606 85.61481966282484 0.16036460242567177 497 2
45.492100017745784 60.97509821123141 0.049328100416431916 161 1
86.17769135769346 47.72140828650656 0.17785363547755195 149 10
96.75115294317658 15.963489046383872 0.1576751190032253 310 6
26.7840241363287 12.50193432183404 0.10232333014347732 445 8
11.762398522952866 58.492674702177524 0.18816053257919343 609 1
58.99488751841224 73.70313476792673 0.04547606877920056 885 10
77.28868452808358 95.79538485787246 0.16082148905421056 468 10
46.51344035489199 41.37507698868996 0.1530992953243304 305 3
73.20225034626039 98.12930635091006 0.17599789009450767 286 9
91.8523749594567 81.44484958110793 0.09216810980462167 394 6
0.38410689897063754 41.924265337958445 0.039996033000768594 753 8
2.3677152075366137 30.121529519587742 0.011672143889813965 274 4
31.620276163131898 65.2932819921006 0.15747606432816172 56 1
90.49654180608485 53.58685553884792 0.18641961823245176 707 7
81.9699524522082 16.69001803894179 0.039397249546496205 408 9
93.51811428250721 68.66966979848814 0.10345249373343432 33 5
41.41042733422646 60.60355041250334 0.11042938674016763 913 3
69.96155150919743 28.654662840468113 0.05342426798677342 336 7
18.491447676017703 25.79962667896475 0.16001402920432137 329 1
20.34968507589181 83.01625406985829 0.17259690344338247 144 5
65.39009732833243 59.34837953803552 0.17209591300454513 801 8
11.37739840815617 91.84651297796033 0.12335015772711225 109 2
84.53781541585104 28.172415498894075 0.0422391982619477 33 4
13.688264165549423 34.527124692768126 0.12140613401914974 737 10
77.83266410114294 42.48466657842908 0.10176556063273655 830 11
92.26611154704607 46.72291409468045 0.1664596528854289 431 8
52.16179143551288 89.94016750036732 0.09093207232256334 981 11
33.60993204188534 79.92502817196487 0.18086095566764643 211 3
12.063074423155129 72.53866247855358 0.1665844171170071 711 2
29.32265278379663 42.69511239159448 0.11131515080909782 923 2
45.71775954670942 71.45051952636254 0.06600010393527765 564 6
4.86838915615404 85.8283605554156 0.03518676723778344 912 5
76.33888067719585 59.75727334107194 0.12514151246915817 502 3
33.058389459154505 24.846346243719374 0.1965566449756233 370 6
23.576842275759834 82.09837358879919 0.15607779309062045 720 9
44.08085669849206 90.40493573226938 0.18415623226502628 422 5
61.98227300683954 93.61892753566565 0.166481929539228 293 7
9.655548555205606 67.43556553632078 0.18841149839793694 322 9
22.501022926087643 5.1956212747408586 0.07308164623412315 890 8
50.236300526457214 46.4318292018896 0.05678627184411697 266 10
75.1618206564171 43.96852184659716 0.11856650614201918 81 1
89.33276079113415 55.51697874248123 0.16608150179247688 839 4
0.21861956626457735 78.41284024942237 0.18536353642790454 827 5
95.05642890971298 13.018076837266568 0.15266130305583947 384 5
40.82296709838392 34.50796266295002 0.06349693478662342 441 7
32.84929002310528 53.78273818883281 0.03899115740879157 857 8
50.692472966376364 58.784107729591796 0.17362392679840377 211 11
16.990909176076595 7.249464476418677 0.18600344096781563 127 6
75.86325342042622 89.91933118223194 0.12802077780085486 170 6
60.6896872451954 78.81575488729271 0.10396780565342986 92 4
3.849053526199342 42.80377035944062 0.08010488258062663 581 8
93.3409757539304 1.4422594677816702 0.03904500305731144 816 4
38.444530183606986 38.45077573871484 0.13901540286589922 650 2
9.149955659025256 36.871768219512155 0.16839822552964845 490 8
62.02145977014989 14.042756637611909 0.16342449985963864 262 7
63.30738262362492 5.721456443358108 0.021084570551564413 964 7
43.60575383811528 90.30858093658551 0.05371871834505655 354 11
58.98033693635334 69.22053703929394 0.1505848387877555 93 7
11.702521160198764 19.329051760573446 0.16170796332753826 577 7
12.098734017694357 88.73162786609768 0.10463540502346322 425 8
38.50268272086848 83.88487289485785 0.12162162349803803 46 6
99.28437481524104 65.94702227777509 0.08754894105267437 76 7
5.837957425215013 25.497280768916696 0.11537389500897186 167 5
64.85590037479955 65.37411269388261 0.1544841553781357 693 8
63.2233695090554 32.58207367215622 0.18789455837028016 676 11
90.73270526665654 30.583761403006882 0.1917233606006833 542 11
87.20855143148219 72.5003908568204 0.08350717685465955 188 7
90.96693279888407 42.6709130201411 0.18795774902740678 529 11
55.97229939675288 82.07003572013625 0.036715684040930105 22 9
68.78346843684024 75.0485492865262 0.10458878796197475 434 10
97.20391972797835 74.45542542041436 0.017117611791875743 577 1
50.78292724042493 32.287396231685086 0.057140747415133315 505 10
74.56934524744466 65.19845307023476 0.13795770938157026 82 1
43.5304955207078 72.05372669979224 0.11300492873140963 494 4
84.58343743930311 30.108515845969652 0.02938416827613167 706 5
38.05946171961397 14.082152917664658 0.02227940977826491 988 1
43.63858828246362 18.42261639909647 0.13992465185804787 204 2
83.5476389264082 83.03574043436932 0.14874755757572247 269 8
96.87199598729966 20.138496517310934 0.05566160341446451 889 7
29.452426258332586 53.738907450343746 0.09264564741678236 33 10
29.98090004699896 99.8095898063502 0.07570694898176274 440 2
98.44898065640297 59.68804303355287 0.08852043216558945 386 1
70.4639430929687 57.659737001410605 0.06486193179345139 665 3
48.028593200964266 81.96759048563571 0.1938040742174122 220 10
6.45797411471708 36.38153940919552 0.015971064585014842 888 9
90.2411696287195 22.86425570735513 0.15383874814205686 670 2
68.1230448483613 52.32571241614886 0.17448294412984633 669 3
59.666352148087086 44.784041065387434 0.1884471081852199 596 2
50.278376686381996 35.809546675021174 0.16037783693540306 101 1
82.11610033207246 10.605194692951713 0.177574946750692 533 2
52.19748002943048 74.72225581480117 0.032865399121461386 34 7
91.94592801491108 86.44953544657909 0.09266543862828998 211 9
11.088972248643225 78.50899506912235 0.08439454839323776 672 5
60.03439459263754 72.77285096224522 0.02804947749008789 480 9
98.04883130966175 40.56367456232943 0.11117128365952221 179 8
69.17322610600158 82.40172731951105 0.05828013321101293 555 11
81.07826745809773 79.92550672335237 0.17503987370273677 731 7
10.537080458634984 85.69271945628171 0.1386648694472718 307 1
3.286647936725473 76.70047286287996 0.010552755813736187 865 10
36.99182298704798 3.4411206575385322 0.16975410469645377 25 7
28.983044805403125 46.00035039395631 0.010210624393349221 346 2
33.75023247635325 57.47371499146045 0.18039583991246577 404 2
11.644913007875113 94.9369142064251 0.11401158185907682 573 8
0.049737018045092896 6.068886144894403 0.1433099214263442 175 11
11 71198 20 24 26 0.026158582225270503 0.06693763654347572 36 4 126
3 73251 17 25 25 0.026416723957305148 0.021885061498071 46 2 166
1.1866472369614618 33255 22 30 33 0.0187897192295026 0.027255067661853382 54 2 107
0.031248974056193753 3841 30 26 26 0.027160687448458322 0.02203966457623082 60 2 50
0.13819051365167606 76801 1000 20 35 0.012771142591058026 0.05709870561629167 0 2 114
