100
5
5
7
68.27537316376163 69.1835482957997 0 0 0
63.394959272333026 86.92953010967834 0 0 0
29.630770974377285 11.998393562221455 0 0 0
19.086988662725467 42.5671267604392 0 0 0
86.25318770164733 97.71234748690105 0 0 0
97.94599401314763 4.071675183559121 0.09396032321647135 104 11
74.62865023331685 43.68494426517958 0.14318163064767153 872 4
55.5985238465054 45.272446291508196 0.14531523926292828 231 1
66.03447481896592 80.30773485041884 0.09319911547727258 596 5
80.0442849565034 85.60498035999807 0.15527889771935796 734 8
41.14155530675879 6.601612237291798 0.1271336952835011 107 11
37.20624185492567 64.48138928838205 0.17914883174053134 244 7
19.91298904423342 23.51856436201998 0.173862977126582 156 1
50.50281891109301 27.17160592836042 0.04193218751879426 620 6
78.96249662328106 15.365301329088998 0.19018530991657864 1001 2
84.95272566538837 8.759463363229958 0.13643131127088579 985 2
4.04944535246724 28.978969514076002 0.09905899075756221 961 7
87.77643987508863 56.773905061565046 0.08483748425395846 577 6
55.1070455347489 45.25354459855103 0.1022750602258413 807 1
40.43928782882736 22.43493157114187 0.12981802557987246 220 3
59.96313716846039 50.65524616383962 0.146301280506175 182 1
14.903329160478762 36.9625770356439 0.02356536732271017 975 1
56.18120571534501 85.50423662255837 0.04269250551170918 298 8
94.20591254088713 5.48605326797591 0.042087999735066606 575 4
39.92714099740498 4.2158967023370515 0.03100418822404248 591 1
31.002740923018447 70.70650410597825 0.08459481213902757 762 4
68.46787183396111 1.9045953473669663 0.05119453330267406 561 5
17.786001336245437 86.91476471204065 0.13925184315699665 12 8
5.1039476350217665 15.264412934861937 0.14590508609173616 705 9
32.0593431826133 18.71795952218681 0.1883613115671839 268 3
44.916827327993516 60.32850745239591 0.11027160367940367 603 4
17.358374571725854 2.226011043456788 0.15181419457476264 639 4
85.01874079903791 38.037722311120625 0.1795870212201336 297 2
63.53383201925222 30.039197140871998 0.06667511560269535 975 1
85.28959422491064 2.5243259628862647 0.09000223822799394 533 2
31.502907214941565 49.25231857011594 0.048883652743806995 507 6
99.94761171745121 38.719929461076596 0.1091709021502573 567 5
86.12919913267105 37.70759194636686 0.08396822123125408 13 1
38.585558826231804 94.00458342432425 0.10397018818425686 514 5
11.43420125513941 52.70400926965914 0.02270259108667225 286 5
27.033589092448285 18.782096589706534 0.1818959716336224 565 8
91.74294210211883 57.284211758704515 0.03615673493034555 27 10
62.69601947661053 9.318606470111924 0.11971121087705654 841 1
62.76173646014649 85.25730063084724 0.08672292466126735 413 4
35.11844294376877 4.688377318637604 0.16476795332210017 376 8
86.5063412420679 18.780881783277103 0.11932673326618343 237 5
42.868630068534294 3.357576065775625 0.035781958514248986 981 1
99.34171255280098 94.44114769581566 0.1524474006673399 423 1
11.207131776638368 69.29283106263705 0.055094448366992774 399 4
99.88218608550832 10.405085957166072 0.1464036786415525 523 2
25.197033531201352 6.5724756842343135 0.09415358788780881 641 7
71.86802442327348 74.30330874170514 0.10012194518888583 491 7
85.53885912764038 10.216484722420171 0.16140285248896263 422 8
16.29541326129046 26.934633109749086 0.07629169919647197 618 1
60.013857199731646 15.512361923380812 0.161116349121323 401 6
74.22806603713889 86.26903944646614 0.09310017426210565 491 1
15.534043908630746 35.17148831222926 0.014374311761269944 1001 10
81.25941800928356 12.411249330795082 0.056577600778101075 432 5
92.90235757298858 25.929681329934173 0.1852223124295391 999 5
45.35156422427769 46.800223772732366 0.10418036781425373 843 3
14.807136458909365 46.9639165081537 0.1944554607358076 697 4
95.55842186046523 42.418277972981 0.17194648571305302 517 8
70.61566787025833 80.09781571108455 0.04724118090131198 339 10
87.71696486054837 28.177689230696146 0.03434714762766823 854 3
85.95777003735617 9.853418563844695 0.12786396799192934 270 6
58.69940593578903 62.54164911144361 0.10834793582111685 329 6
83.26527262681044 19.451867953719837 0.13067205800259402 994 5
44.36493352980272 83.98428905365216 0.13997457518927126 570 2
47.26086490931608 51.99392583522003 0.03247683121305235 400 2
79.72698195064174 82.39854949890793 0.030694427881080177 1000 10
20.842921937084647 44.1452405788665 0.0981942205446987 821 10
87.76992083812453 11.803976010526164 0.026821785756035596 187 3
54.1763949071592 41.36053744675304 0.05450216082486309 678 1
67.03479652356413 53.31045098807103 0.11402638779403887 471 1
36.98065560026621 3.342131406782367 0.15196075761785205 788 6
8.644360122346818 58.711179670548965 0.020553483724382544 633 4
3.0270022382743456 72.05856158319128 0.19764591796475392 322 11
79.29795918219862 52.20286979552132 0.038916786428673265 687 3
15.367495337556015 90.63450631313307 0.06046683207075516 604 8
69.90093295980387 87.35955850977729 0.11427529625241227 738 6
78.13340409308084 52.558279342564 0.10621902337250835 554 9
16.02653659163471 76.2100796678796 0.12079156215435191 255 11
80.09431286877175 82.5000469485645 0.09056001526149486 421 6
48.055559360304045 80.8831619177882 0.06224096138057402 36 6
70.2774389619872 58.407904631471354 0.030329519848979372 667 4
16.737540085063163 12.050010004650591 0.019931422580430715 254 3
1.279069226679308 7.946516600894649 0.1357459082972335 89 8
55.111884034873015 29.672868111962647 0.10566531081794092 866 7
93.4557727167105 81.76349857848858 0.16409964398258167 979 5
57.29835831148981 93.00684881260742 0.061903380493659114 508 8
62.81267019437624 11.297374583816634 0.07485202784691411 976 8
92.57667046682718 36.97112838792882 0.09883568699159846 903 10
36.2597831191571 53.05112663245867 0.16535314758027508 178 10
68.47573097856309 61.52727198668501 0.1436718007044324 478 9
16.581518196793688 81.2026222059993 0.06008847317457104 776 4
97.10420540391463 42.56296787619809 0.09088561197971134 226 6
60.54315466053634 2.469095751350847 0.017343090023952488 568 11
93.65242018528912 25.873786108544884 0.041473821026634244 679 6
99.50144807290583 49.28262346581289 0.06569264242031708 380 9
12.6876191583004 21.057503836917967 0.09275914375162804 184 5
8 71815 15 20 34 0.021312489646040843 0.0573374753857504 34 4 115
3 73759 19 30 32 0.02019074221670606 0.021030348627942407 49 3 91
0.7001912391921548 31886 28 30 29 0.01390119474104828 0.037992830371636394 53 1 61
0.03606513899059494 2930 21 27 30 0.018416014180834522 0.02961120729686669 50 1 73
0.10854277800714288 79330 100 20 27 0.014451293544038507 0.04721180258804318 0 3 212
